# file_id: 12
# date: 2024-04-09
# instrument: qwe
# sample: qwe
# spring_constant: 122
# inv_ols: 23
# tip_geometry: 12
# tip_radius: 123
# sampling_rate: 23
# velocity: 2
# geometry: approach
# parameter: force
# unit: N
# value: 1.07171586320023e-12
# curve_id: 0
# file_id: 12
# date: 2024-04-09
# instrument: qwe
# sample: qwe
# spring_constant: 122.0
# inv_ols: 23.0
# tip_geometry: 12
# tip_radius: 123.0
# segment_type: approach
# sampling_rate: 23.0
# velocity: 2.0
# no_points: 2000
# Index	Z (m)	Force (N)
0	-1.07171586320023e-12	-5.613106681400037e-08
1	-1.2937054109023e-13	-5.497143651400039e-08
2	-2.1147591224022998e-13	-5.394505411400024e-08
3	-1.12201192980023e-12	-5.278251011400007e-08
4	-5.8909562557023e-13	-5.166927241400026e-08
5	4.1253537567977e-13	-5.055180791400041e-08
6	-9.3035037235023e-13	-4.9347990714000404e-08
7	1.08576436619977e-12	-4.817714701400021e-08
8	8.6675301409977e-13	-4.709622611400006e-08
9	-2.3177252454023003e-13	-4.5955729414000364e-08
10	-4.6272012494023e-13	-4.479397541400031e-08
11	4.2078133084977e-13	-4.367860381400003e-08
12	-5.8042124587023e-13	-4.2562083114000064e-08
13	1.6820924550977e-13	-4.14068028140004e-08
14	8.7156305318977e-13	-4.0332581214000105e-08
15	1.8721328151977e-13	-3.919907111400015e-08
16	-9.8268875819023e-13	-3.7943382914000345e-08
17	-1.67629347350023e-12	-3.685507531400041e-08
18	-8.9491406465023e-13	-3.576501341400024e-08
19	3.2843758702976997e-13	-3.446865731400016e-08
20	4.2167104202977e-13	-3.3416185414000187e-08
21	-3.2128890986023e-13	-3.234620101400006e-08
22	-1.35805072290023e-12	-3.1238400714000255e-08
23	-1.32980756580023e-12	-2.998533891400032e-08
24	-1.5993830297230005e-14	-2.8831915514000225e-08
25	-1.4447007168023e-13	-2.7771502914000364e-08
26	-2.7290006270023003e-13	-2.6645748914000032e-08
27	1.9045202494977e-13	-2.548024001400009e-08
28	-9.6120302438023e-13	-2.441502611400027e-08
29	4.1042854934976997e-13	-2.3188936014000332e-08
30	-4.2012109456023003e-13	-2.2028844014000166e-08
31	-9.9425256926023e-13	-2.0885361914000038e-08
32	1.0631650571976999e-13	-1.9713246014000162e-08
33	2.5386129021977e-13	-1.8598797714000386e-08
34	4.3469052282977e-13	-1.746518501400025e-08
35	5.538753923277e-14	-1.6243362814000262e-08
36	-4.1978638790023e-13	-1.51916296140001e-08
37	-5.2909063138023e-13	-1.399509661400041e-08
38	-5.2720653713023e-13	-1.2981753814000258e-08
39	6.1191709457977e-13	-1.1869736914000386e-08
40	1.5985495857997699e-12	-1.0675194214000092e-08
41	8.081916036777e-14	-9.74134051400005e-09
42	-4.5332643019023003e-13	-8.51862571400019e-09
43	5.9318812658977e-13	-7.313044014000404e-09
44	6.3688986329977e-13	-6.240925614000368e-09
45	1.2878931991977001e-13	-5.039078214000374e-09
46	-4.1397953150023e-13	-3.9595731140001294e-09
47	-1.0578406653023001e-13	-2.7729608140003116e-09
48	1.13291175589977e-12	-1.595694814000315e-09
49	6.6469485897977e-13	-4.788766140000625e-10
50	-4.2402681709023003e-13	6.596092859995812e-10
51	2.8847361095976996e-13	1.7848708859999476e-09
52	-4.4725302557023003e-13	2.917868085999703e-09
53	5.107796937697699e-13	4.128210085999827e-09
54	7.8135778068977e-13	5.176896285999841e-09
55	-5.0706571556023e-13	6.2194575859996286e-09
56	-6.9249686057023e-13	7.2604594859997094e-09
57	-1.2731118225023e-13	8.415986085999642e-09
58	1.48566580659977e-12	9.540929585999627e-09
59	6.5703190197977e-13	1.0742007585999604e-08
60	6.945252194777e-14	1.1915539185999946e-08
61	6.4418160017977e-13	1.2977685585999807e-08
62	1.8357775855977002e-13	1.4162440885999771e-08
63	-1.2593097366023e-13	1.5238775885999877e-08
64	8.050271042776999e-14	1.6288877785999934e-08
65	9.7039036942977e-13	1.750480088599973e-08
66	7.5050756288977e-13	1.8644917985999617e-08
67	-1.43903634810023e-12	1.9697923285999597e-08
68	-1.57913603920023e-12	2.0874655885999585e-08
69	1.04081386929977e-12	2.212987218599966e-08
70	1.21700832739977e-12	2.3251245485999887e-08
71	1.42998278839977e-12	2.4413368885999778e-08
72	1.1754000287997699e-12	2.5550685185999922e-08
73	8.079846940977e-14	2.6693510685999765e-08
74	-1.2949542562002301e-12	2.783792648599967e-08
75	-8.578163947702301e-13	2.891795478599995e-08
76	1.49203983869977e-12	3.0034906385999605e-08
77	7.3968010647977e-13	3.1228720685999925e-08
78	-1.13324103420023e-12	3.233048848599971e-08
79	-1.40735849200023e-12	3.3430563485999956e-08
80	-9.461825210723e-14	3.454007708599995e-08
81	1.86044720739977e-12	3.572506838599992e-08
82	5.1815054313977e-13	3.684257398599968e-08
83	-1.04996236410023e-12	3.8013202185999676e-08
84	-3.3640669718023004e-13	3.910925558599982e-08
85	1.0838560147976999e-13	4.0252624885999794e-08
86	-8.057043923502301e-13	4.142400208599986e-08
87	-1.2861592969023e-13	4.257457338599991e-08
88	1.3280518284997699e-12	4.3668708285999925e-08
89	-1.1197187997023001e-13	4.4745586985999875e-08
90	-9.9319733042023e-13	4.5846985485999684e-08
91	4.4190801568977e-13	4.688910568599981e-08
92	1.04345866059977e-12	4.806160108599963e-08
93	7.3825851597977e-13	4.9317176485999706e-08
94	-8.1809340750023e-13	5.0447516485999944e-08
95	-4.9327458376023e-13	5.1442731085999834e-08
96	8.9040156152977e-13	5.2641931585999724e-08
97	5.307988890177e-14	5.3756215685999604e-08
98	2.3780275807769997e-14	5.496142808599984e-08
99	-2.4782749053023004e-13	5.6029791585999564e-08
100	-3.5639172800023e-13	5.7272789085999826e-08
101	2.6452078473977e-13	5.8299438185999765e-08
102	1.4779335592977e-13	5.945046088599974e-08
103	1.26496996719977e-12	6.059819038599958e-08
104	-5.722482324223001e-14	6.181782738599965e-08
105	-6.5969195583023e-13	6.30691246859998e-08
106	-3.2682800092023004e-13	6.416918938599979e-08
107	-6.6283454716023e-13	6.519957298599967e-08
108	-3.2819360413023003e-13	6.64061087859996e-08
109	4.832388120697699e-13	6.768914838599993e-08
110	1.6959067120977e-13	6.864076088599997e-08
111	3.506171616677e-14	6.965696608599958e-08
112	7.5927931179977e-13	7.079751398599972e-08
113	5.5025195531977e-13	7.189120778599965e-08
114	-7.6177992357023e-13	7.307152078599979e-08
115	1.0524105424997699e-12	7.416521458599972e-08
116	8.9707865526977e-13	7.534005938599978e-08
117	-1.08881876540023e-12	7.651563268599969e-08
118	-1.02851436080023e-12	7.767206208599989e-08
119	8.359296580276999e-14	7.883250288599979e-08
120	-3.0299323487023e-13	7.986250678599958e-08
121	-7.4536955995023e-13	8.10579010859997e-08
122	6.3506419056977e-13	8.220077788599985e-08
123	4.4396250606977e-13	8.326267798599986e-08
124	-2.5220910508023003e-13	8.450993308599981e-08
125	3.5775667396977e-13	8.558415468599969e-08
126	1.4710690297977e-13	8.666350588599987e-08
127	-4.4374286547023e-13	8.792242578599995e-08
128	4.3583947952976997e-13	8.902218268599982e-08
129	5.860643515997699e-13	9.001495558599997e-08
130	-8.3191861853023e-13	9.118346018599976e-08
131	-3.0248691497023004e-13	9.224519618599974e-08
132	1.01036286529977e-12	9.341249018599956e-08
133	-3.6181154178023e-13	9.453341208599987e-08
134	-2.9964008262023e-13	9.566380338599956e-08
135	3.7620205411977e-13	9.677513288599992e-08
136	9.2541553026977e-13	9.796542828599994e-08
137	1.3767069438769999e-14	9.906655998599967e-08
138	-1.22090497030023e-12	1.003432489859996e-07
139	-7.5764660051023e-13	1.0146749498599996e-07
140	9.796466153677e-14	1.0264679238599968e-07
141	8.7493567927977e-13	1.0370645588599961e-07
142	1.0281251638769999e-14	1.0481897548599971e-07
143	-1.04315625610023e-12	1.060389407859997e-07
144	4.3608655390977e-13	1.0707428978599958e-07
145	4.989286435197699e-13	1.0824212758599995e-07
146	-2.8804584367023e-13	1.0932215588599981e-07
147	-2.3552489056023004e-13	1.1063263908599986e-07
148	2.3728539893977e-13	1.1176202498599995e-07
149	-5.4513951180023e-13	1.1294526188599983e-07
150	-4.3483723389023e-13	1.1410263518599978e-07
151	2.2666776466997703e-12	1.1527034978599988e-07
152	2.6155832644977e-13	1.1629475218599962e-07
153	6.122847485477e-14	1.174780814859997e-07
154	3.1727907529977e-13	1.1854443408599994e-07
155	-2.5689499843023e-13	1.196459146859997e-07
156	-4.783527519702301e-13	1.2075635158599976e-07
157	-5.0658130373023e-13	1.2191954188599996e-07
158	2.704709807669998e-15	1.2296055398599959e-07
159	6.705564855597699e-13	1.2406592278599962e-07
160	-6.6169654449023e-13	1.252249478859999e-07
161	-3.9794282223023003e-13	1.2637133338599996e-07
162	-9.4598421650023e-13	1.2751687768599988e-07
163	1.7015176129977001e-13	1.2865683058599987e-07
164	1.81958621749977e-12	1.298424579859999e-07
165	1.15745244869977e-12	1.310243099859998e-07
166	2.7674670644977e-13	1.320979774859997e-07
167	-6.3939169218023e-13	1.3323542718599968e-07
168	-1.32872798460023e-12	1.3436224818599975e-07
169	4.1845298955977e-13	1.3562164008599985e-07
170	1.3233914945997699e-12	1.3664553968599993e-07
171	3.2451360776977e-13	1.3788867048599973e-07
172	-4.7312402527023e-13	1.3900902818599996e-07
173	-4.0338576120023e-13	1.4011277598599972e-07
174	-9.1881090358023e-13	1.4119704138599988e-07
175	-4.6257407112023e-13	1.423038772859997e-07
176	-4.212407553123e-14	1.4357870938599963e-07
177	1.64272964879977e-12	1.446893104859996e-07
178	1.02276526869977e-12	1.4578353768599996e-07
179	-5.4676314342023e-13	1.4700995608599983e-07
180	-6.6788070658023e-13	1.4814683128599989e-07
181	-8.4702545182023e-13	1.4921009588599993e-07
182	4.619113032397699e-13	1.503140591859999e-07
183	7.6041974869977e-13	1.5154120598599974e-07
184	-2.8974980488023004e-13	1.5259544238599991e-07
185	-1.02074794900023e-12	1.5368435528599983e-07
186	-4.1390041901023e-13	1.548377170859998e-07
187	1.66617493799977e-12	1.560056676859999e-07
188	2.0198297390977e-13	1.5707999188599995e-07
189	-1.40247542600023e-12	1.583204860859999e-07
190	1.40886827469977e-12	1.5929227868599975e-07
191	1.11587579509977e-12	1.603787805859997e-07
192	-8.1293770771023e-13	1.6159911528599997e-07
193	-1.31455954710023e-12	1.6273052218599966e-07
194	-1.92609175340023e-12	1.6383962538599978e-07
195	-2.1141870783023e-13	1.6499501858599988e-07
196	1.92942720879977e-12	1.6606019148599966e-07
197	1.54848233679977e-12	1.672465882859997e-07
198	2.7675044299769998e-14	1.682884006859997e-07
199	3.2295326614977e-13	1.694841642859998e-07
200	1.13597158339977e-12	1.7057621648599979e-07
201	-2.3186867664023003e-13	1.717401659859996e-07
202	-4.0855606637023003e-13	1.7283285428599964e-07
203	5.359788459097699e-13	1.7407682638599986e-07
204	7.2516600827977e-13	1.751745622859997e-07
205	7.729439488277e-14	1.7628505048599965e-07
206	-1.66327520980023e-12	1.7734286738599985e-07
207	-7.2755829680023e-13	1.7843096978599984e-07
208	2.8871094840977e-13	1.7952426338599986e-07
209	1.8937487803977e-13	1.8085264908599958e-07
210	-7.0376856400023e-13	1.8180739068599972e-07
211	-1.18594942310023e-12	1.8291801228599992e-07
212	-3.199889456823e-14	1.8403499468599965e-07
213	9.700081952697699e-13	1.851976924859996e-07
214	-5.252688898002301e-13	1.8635044908599985e-07
215	-1.45499029360023e-12	1.875162759859999e-07
216	-2.2916789811023003e-13	1.887416273859996e-07
217	1.2140921194997699e-12	1.8986756618599992e-07
218	9.1044136253977e-13	1.9104879228599974e-07
219	-2.0046345433023e-13	1.921477284859997e-07
220	-2.2108747061023e-13	1.932621460859997e-07
221	1.1905726714977e-13	1.944696257859998e-07
222	1.09409795359977e-12	1.9558755198599985e-07
223	-2.7860103008023003e-13	1.9678560338599963e-07
224	-2.1417790788023e-13	1.9772059588599994e-07
225	4.1102006731976997e-13	1.9899950088599986e-07
226	1.21316224359977e-12	2.0022968448599988e-07
227	7.2445399590977e-13	2.0141202888599974e-07
228	-5.4944079675023e-13	2.025021831859997e-07
229	6.4548513050977e-13	2.036468245859999e-07
230	2.1284085819977001e-13	2.0481958678599981e-07
231	-2.6482815500023e-13	2.0600681468599987e-07
232	-3.761831523223e-14	2.0725055078599966e-07
233	7.6823606221977e-13	2.083364781859997e-07
234	4.3648455055976997e-13	2.094122386859999e-07
235	1.3543841999977001e-13	2.1053039058599969e-07
236	-4.0749595908023004e-13	2.1168535288599968e-07
237	-1.1230902087023e-13	2.1283162558599957e-07
238	-9.8336547421023e-13	2.1379150708599986e-07
239	1.34664813089977e-12	2.1496974778599968e-07
240	9.0513839180977e-13	2.1603581318599989e-07
241	-4.6562537881023e-13	2.172062773859997e-07
242	-8.779388744123001e-14	2.1833633008599964e-07
243	1.74894241979977e-12	2.1949703758599976e-07
244	4.2730750229977e-13	2.205468009859999e-07
245	-5.4981810245023e-13	2.2166492208599963e-07
246	-1.17111765780023e-12	2.2278879868599973e-07
247	-7.005443407623e-14	2.239735950859996e-07
248	1.32963894659977e-12	2.2514466448599997e-07
249	8.8155070013977e-13	2.2629432278599978e-07
250	-9.537164638723e-14	2.273748229859998e-07
251	6.782109227697699e-13	2.2839215668599984e-07
252	8.1479436818977e-13	2.2973093508599987e-07
253	1.0086139559976999e-13	2.307828220859998e-07
254	4.555628305997699e-13	2.318722479859998e-07
255	7.9362386720977e-13	2.3311878488599974e-07
256	5.3570864634977e-13	2.3418142368599957e-07
257	1.9249360538997703e-12	2.354696133859996e-07
258	9.3756842507977e-13	2.364844847859998e-07
259	-4.9327945222023e-13	2.3765701108599998e-07
260	-1.04677595660023e-12	2.388486093859999e-07
261	-5.5882353747023e-13	2.3995227518599956e-07
262	2.1938772060977e-13	2.4106511278599975e-07
263	1.5289330331997699e-12	2.421623766859996e-07
264	1.42370490839977e-12	2.434041840859997e-07
265	-1.02774757830023e-12	2.445278452859999e-07
266	2.5684930791977e-13	2.455591828859996e-07
267	2.00541535919977e-12	2.466663162859997e-07
268	1.6644077719977e-13	2.4779454288599973e-07
269	-1.09077832070023e-12	2.4902857368599956e-07
270	-1.6422141640022998e-13	2.500917459859997e-07
271	1.4146192289977e-13	2.5112666408599986e-07
272	2.810598825969998e-15	2.5225915848599995e-07
273	8.4702601168977e-13	2.534764563859996e-07
274	9.7975241918977e-13	2.545577978859996e-07
275	1.40504166459977e-12	2.557495911859999e-07
276	-3.531431624623e-14	2.568945505859998e-07
277	-1.32474071540023e-12	2.5799019358599964e-07
278	-6.698121831323001e-14	2.591370305859999e-07
279	4.3993628913976997e-13	2.603010825859996e-07
280	5.9159857419977e-13	2.6147729198599956e-07
281	5.269125551297699e-13	2.625868670859998e-07
282	8.5641848932977e-13	2.637475746859998e-07
283	-9.034861214823e-14	2.6482913158599973e-07
284	-1.07020420620023e-12	2.659885464859998e-07
285	9.9127971680977e-13	2.6713800978599964e-07
286	6.507649760497699e-13	2.6824637428599995e-07
287	-1.12385951060023e-12	2.694308423859999e-07
288	-4.1222323433023004e-13	2.706019323859999e-07
289	-1.30574154780023e-12	2.7168697748599994e-07
290	1.3668718014977e-13	2.7282385268599957e-07
291	9.1048517867977e-13	2.7387908418599994e-07
292	4.5949654676977e-13	2.749748400859998e-07
293	1.5843824505977e-13	2.7619115308599967e-07
294	6.621742986977e-14	2.772708119859997e-07
295	-1.05429407690023e-12	2.784219886859996e-07
296	-9.5073461694023e-13	2.796240103859996e-07
297	-3.6393297350023e-13	2.807940538859997e-07
298	5.9884771205977e-13	2.8194892388599976e-07
299	2.2683281399977e-13	2.830342254859996e-07
300	-2.2311761868022999e-13	2.841231178859997e-07
301	1.60656550619977e-12	2.8529669058599995e-07
302	6.6322945233977e-13	2.8646045538599963e-07
303	-3.5484477464023e-13	2.875534719859996e-07
304	7.7577487347977e-13	2.8863126378599966e-07
305	1.4342767705997699e-12	2.8976009568599964e-07
306	7.597747628676999e-14	2.909202081859996e-07
307	3.4016205729976996e-13	2.920729441859998e-07
308	6.1942182660977e-13	2.932947048859999e-07
309	1.77098680939977e-12	2.944171143859998e-07
310	5.5942170088977e-13	2.9555110668599977e-07
311	-7.7845561829023e-13	2.967452287859998e-07
312	1.9012835750769996e-14	2.9784425738599996e-07
313	1.1200651905976999e-13	2.9889555958599973e-07
314	-8.918493686902301e-13	3.0005739568599973e-07
315	1.01226521629977e-12	3.0120518668599985e-07
316	1.58800936859977e-12	3.023143924859997e-07
317	-7.0986022535023e-13	3.035019486859997e-07
318	4.839034421477e-14	3.04664810686e-07
319	6.848393318897699e-13	3.057519691859998e-07
320	3.0852680022977e-13	3.0690923988599957e-07
321	1.9719240866977e-13	3.080218824859998e-07
322	1.63153218929977e-12	3.091769781859996e-07
323	4.0994048617976996e-13	3.102851272859996e-07
324	1.2730200519977e-13	3.113818372859996e-07
325	1.60798344539977e-12	3.125812633859998e-07
326	1.29294779319977e-12	3.137400626859996e-07
327	1.5479663651977e-13	3.148436053859997e-07
328	3.1646847660977e-13	3.1601016068599974e-07
329	9.5942051054977e-13	3.1713450928599986e-07
330	1.71682153369977e-12	3.1828841488599995e-07
331	5.546992940897699e-13	3.1940060608599983e-07
332	8.3288435071977e-13	3.205153211859997e-07
333	2.7072320355976996e-13	3.217202462859996e-07
334	1.21113331259977e-12	3.2287446998599986e-07
335	9.4280688869977e-13	3.2402830378599984e-07
336	1.19578427339977e-12	3.2519880888599984e-07
337	6.310075457597699e-13	3.2637728558599967e-07
338	2.1567186804977e-13	3.274794534859997e-07
339	1.6161491560977e-13	3.285656784859997e-07
340	1.33822691119977e-12	3.296441062859997e-07
341	1.13491269319977e-12	3.3089706558599976e-07
342	8.4045115562977e-13	3.318870991859998e-07
343	1.41043348479977e-12	3.331679227859997e-07
344	1.06182492819977e-12	3.343118152859997e-07
345	-3.607501321723e-14	3.353816868859997e-07
346	3.7871539690977e-13	3.3645259468599977e-07
347	2.7944139939976997e-13	3.375002342859998e-07
348	1.7602799325977001e-13	3.385757177859997e-07
349	9.8282320072977e-13	3.3966270188599987e-07
350	1.22493052999977e-12	3.408554184859998e-07
351	2.6621257479977e-13	3.4199742328599976e-07
352	9.6426828020977e-13	3.431337957859998e-07
353	1.6755394219997699e-12	3.4415330438599973e-07
354	-9.766469133723e-14	3.4530914898599976e-07
355	-6.3131126468023e-13	3.463921525859997e-07
356	1.45102792649977e-12	3.475927379859998e-07
357	1.55220427499977e-12	3.488186126859998e-07
358	2.5156702815976997e-13	3.4997816088599986e-07
359	-1.2117083630023e-13	3.510874487859997e-07
360	1.3491018350997699e-12	3.5231100488599974e-07
361	1.8501882289977e-13	3.533461486859997e-07
362	4.2207147290976996e-13	3.545644211859997e-07
363	3.6339191712977e-13	3.5568528158599975e-07
364	-4.780678618323e-14	3.5672963828599967e-07
365	7.9031818244977e-13	3.5774051888599985e-07
366	-8.226201387130002e-15	3.5899235978599977e-07
367	-1.2655283431230002e-14	3.601237975859998e-07
368	1.03365479799977e-12	3.6131474948599984e-07
369	-2.7540245145023004e-13	3.6245800598599987e-07
370	5.3820129817977e-13	3.6359116728599987e-07
371	2.1685027041997703e-12	3.6470095778599984e-07
372	1.0972564526976999e-13	3.6593766628599984e-07
373	5.8444680555977e-13	3.6711304468599985e-07
374	5.7331141901977e-13	3.6833254828599966e-07
375	3.1553129793977e-13	3.693455525859997e-07
376	1.69078378929977e-12	3.705878933859998e-07
377	9.6891522586977e-13	3.7175193518599976e-07
378	-4.3344363704023e-13	3.7288267528599983e-07
379	-1.9060725581023e-13	3.740031868859997e-07
380	1.29208972699977e-12	3.7504467098599977e-07
381	8.5692115788977e-13	3.761587498859997e-07
382	-8.8046082220023e-13	3.773010009859997e-07
383	3.3773026122977e-13	3.784353728859997e-07
384	8.4546567005977e-13	3.7965457898599984e-07
385	5.1467081091977e-13	3.807077175859998e-07
386	3.1537063873976997e-13	3.8198015928599986e-07
387	-8.9275733660023e-13	3.8300768048599986e-07
388	-8.5978812132023e-13	3.841512343859997e-07
389	3.7705160049976997e-13	3.8519780718599967e-07
390	1.14789079209977e-12	3.864010907859997e-07
391	4.7854074757977e-13	3.8758641038599984e-07
392	-1.0533629838002301e-12	3.887125543859997e-07
393	-1.6181677051002301e-12	3.898482188859997e-07
394	-6.200200022023e-14	3.9091653108599976e-07
395	9.9489089746977e-13	3.9199127588599966e-07
396	8.6619192400977e-13	3.9316154508599973e-07
397	3.6009231793977e-13	3.9427233078599975e-07
398	-2.5755467484023e-13	3.955126095859998e-07
399	2.8380962568977e-13	3.9666607398599973e-07
400	-1.8074010326023e-13	3.9776047558599975e-07
401	1.28586905149977e-12	3.9884366378599977e-07
402	1.7305944939977e-13	4.000612386859997e-07
403	8.0134159439977e-13	4.011904808859997e-07
404	-8.562133689123e-14	4.0230464198599987e-07
405	-9.951714060023001e-14	4.0341683318599975e-07
406	7.5725159795977e-13	4.0444841708599976e-07
407	9.0258366710977e-13	4.056936817859998e-07
408	6.7650817866977e-13	4.0675793128599986e-07
409	6.377248042897699e-13	4.078946833859997e-07
410	2.0700479103977e-13	4.0900417638599983e-07
411	-1.8430138220022999e-13	4.100585667859997e-07
412	6.8637654832977e-13	4.112814251859998e-07
413	8.2177208936977e-13	4.1238892788599967e-07
414	2.8488798971977e-13	4.135053664859997e-07
415	3.0678754267977e-13	4.1469089128599974e-07
416	1.0957301050997699e-12	4.157890067859998e-07
417	-1.23952804930023e-12	4.168988281859997e-07
418	-1.09569790020023e-12	4.1811472048599987e-07
419	1.57640052419977e-12	4.192924071859998e-07
420	2.06509051509977e-12	4.202796810859998e-07
421	1.4236875888769996e-14	4.214567214859997e-07
422	-5.1691217716023e-13	4.2265194128599987e-07
423	3.0248504060977e-13	4.2383062318599985e-07
424	1.17914144079977e-12	4.248029184859997e-07
425	1.7073971311769995e-14	4.2599316258599984e-07
426	-1.00129114620023e-12	4.271826063859998e-07
427	-6.273714629302301e-13	4.283057648859998e-07
428	-4.2172646945023004e-13	4.2953875948599973e-07
429	1.8653899972977001e-13	4.3068172868599987e-07
430	1.42094205699977e-12	4.3179684388599977e-07
431	1.29752779749977e-12	4.3285059808599974e-07
432	6.3147735220977e-13	4.339802403859998e-07
433	1.24734248839977e-12	4.3513578748599975e-07
434	9.8331978370977e-13	4.3627923888599967e-07
435	3.2255892083976996e-13	4.3734099538599967e-07
436	-7.694452296123001e-14	4.383921847859997e-07
437	-1.32184763270023e-12	4.395243816859997e-07
438	1.22115260449977e-12	4.405463012859998e-07
439	8.2789661281977e-13	4.417418801859998e-07
440	1.4406289797977e-13	4.427954497859997e-07
441	1.9659029327997703e-12	4.4403606708599986e-07
442	1.55979907349977e-12	4.4520816238599985e-07
443	-8.4335341540023e-13	4.464022229859998e-07
444	4.0313194400977e-13	4.4757338468599967e-07
445	1.50610968989977e-12	4.486612921859998e-07
446	3.6070452686977e-13	4.499111838859998e-07
447	-3.3820194203023004e-13	4.5105361958599984e-07
448	-2.2781446606023e-13	4.520627970859998e-07
449	-8.482450012002301e-13	4.5319314738599967e-07
450	8.3790738495977e-13	4.544113582859998e-07
451	1.28155316109977e-12	4.5549897858599986e-07
452	1.4598350568977e-13	4.5663945468599967e-07
453	3.3337664031976997e-13	4.577166103859997e-07
454	1.48977843869977e-12	4.5885096178599983e-07
455	5.4969208234977e-13	4.5998392818599973e-07
456	-4.0588206438023e-13	4.6110474748599985e-07
457	-1.30520966850023e-12	4.622009239859998e-07
458	2.9159064286976996e-13	4.6336947988599987e-07
459	1.03169280839977e-12	4.6440805028599976e-07
460	3.2868101005977e-13	4.6540872288599975e-07
461	-4.3116884881023e-13	4.6668408848599976e-07
462	2.0024858481977e-13	4.6771081968599986e-07
463	1.66256984289977e-12	4.688632478859997e-07
464	1.28743304449977e-12	4.701099592859998e-07
465	-2.1369593028023e-13	4.713130582859998e-07
466	1.19514772219977e-12	4.724558427859998e-07
467	1.01506823249977e-12	4.7367221728599975e-07
468	-2.3043248076023004e-13	4.7491914408599977e-07
469	6.9681209365977e-13	4.7598131098599986e-07
470	5.4011703742977e-13	4.771090552859998e-07
471	4.640205637997699e-13	4.782269199859998e-07
472	-2.9568445837023e-13	4.793737363859997e-07
473	4.7669316677977e-13	4.804847785859998e-07
474	1.79368965839977e-12	4.817810320859997e-07
475	2.4626892588977e-13	4.828085122859998e-07
476	-2.7369240466023004e-13	4.838874325859997e-07
477	6.925753158097699e-13	4.851113682859998e-07
478	1.54943777219977e-12	4.862015224859997e-07
479	1.09464930679977e-12	4.874129212859998e-07
480	2.6141957531977e-13	4.884333327859998e-07
481	-4.1952349102023003e-13	4.895104576859998e-07
482	5.869309375897699e-13	4.907704342859998e-07
483	1.65532800769977e-12	4.918960241859998e-07
484	1.40109456019977e-12	4.929861168859999e-07
485	-7.181037462802301e-13	4.941142716859998e-07
486	4.8712749498977e-13	4.953225926859999e-07
487	5.0065451280977e-13	4.964200412859998e-07
488	-2.3483956953230004e-14	4.975703355859998e-07
489	4.0138051529977e-13	4.986470296859997e-07
490	1.99164978679977e-12	4.998678464859997e-07
491	-5.0575488254023e-13	5.010261019859998e-07
492	-8.108187102302301e-13	5.021665986859997e-07
493	2.41769364359977e-12	5.031895749859997e-07
494	2.42756323039977e-12	5.043483435859997e-07
495	-7.272478472323e-14	5.054088586859997e-07
496	-2.3959127229023e-13	5.065559110859997e-07
497	1.3784465665977e-13	5.076187139859997e-07
498	-4.375500983723e-14	5.087349986859997e-07
499	3.5974544012977e-13	5.098519912859998e-07
500	-6.0052190264023e-13	5.109954221859997e-07
501	-7.0254171193023e-13	5.120944712859997e-07
502	7.7361327696977e-13	5.131478253859999e-07
503	3.7417434026977e-13	5.144066939859999e-07
504	7.035463917997699e-13	5.153947577859997e-07
505	6.731988425597699e-13	5.164900109859997e-07
506	-1.3930500863002301e-12	5.176936947859997e-07
507	-7.1681238710023e-13	5.189117107859997e-07
508	5.0504099581977e-13	5.199758268859997e-07
509	-1.7728714757023e-13	5.211404534859998e-07
510	6.1461178752977e-13	5.223457479859998e-07
511	-1.0573659904023001e-13	5.235893404859998e-07
512	-1.04203164170023e-12	5.246772684859997e-07
513	8.8407012850977e-13	5.258033713859999e-07
514	7.4385116011977e-13	5.269838690859997e-07
515	-8.265328839702301e-13	5.280196900859998e-07
516	6.9347111255977e-13	5.291253255859998e-07
517	2.9635686580976997e-13	5.303582381859997e-07
518	-1.12397878790023e-12	5.314431909859998e-07
519	-6.8221102040023e-13	5.324850135859998e-07
520	1.8327956534977e-13	5.336712257859998e-07
521	1.25472307469977e-12	5.347893776859998e-07
522	2.2013868065977e-13	5.359181582859999e-07
523	-7.9467246060023e-13	5.371635255859997e-07
524	-1.3797311099022998e-13	5.383039607859997e-07
525	-5.5830991488023e-13	5.394959488859998e-07
526	-1.09121161370023e-12	5.406086736859997e-07
527	-2.6870466676023004e-13	5.418105107859998e-07
528	9.2648902583977e-13	5.428589198859997e-07
529	1.18478276949977e-12	5.439956821859998e-07
530	-6.419330286202301e-13	5.451405800859998e-07
531	-2.1218670749023e-13	5.462615533859998e-07
532	6.7709847950977e-13	5.474018653859998e-07
533	-4.8208929550023e-13	5.485979982859997e-07
534	-1.4510053733023e-13	5.496765492859998e-07
535	1.1349151273997699e-12	5.508447460859997e-07
536	1.17737297249977e-12	5.519530900859997e-07
537	-3.8076445896023e-13	5.531046052859997e-07
538	6.637369893597699e-13	5.541197024859998e-07
539	8.2088481241977e-13	5.552046449859998e-07
540	-8.6533086373023e-13	5.563958739859998e-07
541	-7.0591190379023e-13	5.575668202859997e-07
542	6.7850303039977e-13	5.587387924859997e-07
543	7.5795752474977e-13	5.598270898859997e-07
544	-2.1843537669023e-13	5.610190164859997e-07
545	2.7051507686976996e-13	5.620695594859999e-07
546	2.2684255092977e-13	5.633118387859997e-07
547	1.01723469749977e-12	5.644439844859997e-07
548	9.1169133979977e-13	5.655330101859998e-07
549	1.37648936019977e-12	5.666734965859998e-07
550	-4.595190268923e-14	5.678414574859998e-07
551	-1.34772471790023e-12	5.689057992859998e-07
552	-5.0095579749023e-13	5.700501637859998e-07
553	5.3806011281977e-13	5.712116407859998e-07
554	4.3635431923976996e-13	5.722934746859998e-07
555	-3.2231980639023e-13	5.734432765859998e-07
556	2.6299817367976996e-13	5.746236819859997e-07
557	5.1755902517977e-13	5.756945794859997e-07
558	1.4668771999997699e-12	5.768357019859999e-07
559	-1.4368624953023e-13	5.779424968859999e-07
560	5.1992631414977e-13	5.791040866859998e-07
561	1.36179634609977e-12	5.802336982859998e-07
562	5.9626864504977e-13	5.814801017859998e-07
563	-3.1057221093023003e-13	5.825286955859998e-07
564	-2.9567107011023e-13	5.836763327859997e-07
565	9.9052753964977e-13	5.848621756859997e-07
566	-7.9038699814023e-13	5.859477542859998e-07
567	-6.7772351683023e-13	5.871538797859997e-07
568	-2.2412895618230003e-14	5.882521080859997e-07
569	-1.0221053124230002e-14	5.893987705859998e-07
570	9.197402075077e-14	5.904323242859999e-07
571	-1.7895946379023e-13	5.916716693859997e-07
572	1.44093317339977e-12	5.926854738859998e-07
573	7.1244106934977e-13	5.939227978859998e-07
574	-8.5190730070023e-13	5.950673572859997e-07
575	-1.76014905620023e-12	5.962277057859997e-07
576	-5.2621458828023e-13	5.972783206859998e-07
577	1.0291782484997699e-12	5.984173194859999e-07
578	-4.4515715327023004e-13	5.995201336859997e-07
579	-4.6823852505023e-13	6.007315735859997e-07
580	-7.3970023757023e-13	6.017813060859997e-07
581	-1.85136331720023e-12	6.028962981859999e-07
582	-5.4363759170023e-13	6.040331425859998e-07
583	9.8957818982977e-13	6.051204036859998e-07
584	1.19120183479977e-12	6.062114401859998e-07
585	2.0241261555977e-13	6.074093890859999e-07
586	-5.7588384058023e-13	6.085715533859997e-07
587	-3.5498474289023e-13	6.096179516859998e-07
588	1.34681365859977e-12	6.108367063859998e-07
589	1.9689688458997703e-12	6.117953055859999e-07
590	1.9490058082977e-13	6.130727126859997e-07
591	-9.8561835436023e-13	6.142443361859998e-07
592	1.3297984738977e-13	6.153875002859999e-07
593	1.08552946299977e-12	6.164593518859998e-07
594	1.1348044551976999e-13	6.176582343859998e-07
595	-3.6155838183023004e-13	6.188009059859998e-07
596	6.9590899420977e-13	6.200297558859997e-07
597	1.16779549329977e-12	6.211154780859998e-07
598	3.761765798977e-14	6.221963681859999e-07
599	4.9420623671977e-13	6.233372649859998e-07
600	1.54072322769977e-12	6.245339621859998e-07
601	-4.2831349666023e-13	6.256498878859999e-07
602	-6.9707808200023e-13	6.267427095859997e-07
603	6.5739581940977e-13	6.278383422859997e-07
604	9.7485596492977e-13	6.289963618859997e-07
605	-1.7124782218022998e-13	6.302409905859998e-07
606	-1.0332939720002301e-12	6.313661495859998e-07
607	-8.7987538981023e-13	6.325581274859997e-07
608	4.594515987077e-14	6.335814730859997e-07
609	9.2632228105977e-13	6.346868726859998e-07
610	-2.3840336790023e-13	6.359693684859997e-07
611	-1.24103483780023e-12	6.370868432859999e-07
612	-4.4082787467023003e-13	6.381535960859998e-07
613	4.5512953759977e-13	6.392700346859998e-07
614	9.1194449974977e-13	6.402811922859998e-07
615	3.8909860628977e-13	6.414537697859998e-07
616	-4.0352572944023e-13	6.425758510859998e-07
617	6.782523898777e-14	6.437979605859997e-07
618	5.9334270021977e-13	6.448428609859997e-07
619	7.4990143953977e-13	6.458962253859997e-07
620	3.0942718527999794e-16	6.471685131859997e-07
621	1.00580233479977e-12	6.482796373859998e-07
622	1.9112836731997703e-12	6.494326607859998e-07
623	-7.2389599730023e-13	6.506579813859998e-07
624	-1.84873069710023e-12	6.518018225859997e-07
625	-4.0377158671023004e-13	6.529048420859998e-07
626	-1.8083990671023e-13	6.539862758859997e-07
627	6.625697759297699e-13	6.551196525859999e-07
628	3.9191866209977e-13	6.562527625859998e-07
629	3.8160847962977e-13	6.573719301859998e-07
630	1.9745165419977e-13	6.585368440859998e-07
631	6.960961499869998e-15	6.596694307859999e-07
632	1.8911563250977e-13	6.607280889859998e-07
633	5.0537448536977e-13	6.618481285859997e-07
634	-8.542989319702301e-13	6.628982407859998e-07
635	-1.22680311030023e-12	6.640081544859998e-07
636	5.9836451733977e-13	6.650974366859997e-07
637	8.8783223144977e-13	6.663023002859998e-07
638	3.7687877013976996e-13	6.674849319859998e-07
639	-1.00009593910023e-12	6.684873998859998e-07
640	-4.848046794002301e-13	6.696738069859997e-07
641	5.379555261177e-14	6.708306672859998e-07
642	-9.2627181947023e-13	6.720300626859998e-07
643	-4.7878847920023e-13	6.731121018859998e-07
644	1.23924623839977e-12	6.743424700859998e-07
645	7.352377213676999e-14	6.753533711859998e-07
646	-9.490172674602301e-13	6.764366106859997e-07
647	-5.8040907472023e-13	6.776673789859998e-07
648	1.20048964059977e-12	6.789377482859997e-07
649	5.4136823180977e-13	6.800154477859999e-07
650	-6.9417526236023e-13	6.810859348859998e-07
651	-1.1978454214022998e-13	6.822778102859998e-07
652	2.1543574770977002e-13	6.834548505859999e-07
653	-4.563290532702301e-13	6.845465847859997e-07
654	-7.8610640415023e-13	6.856637209859997e-07
655	1.4683792052977e-13	6.868871129859997e-07
656	1.17686543539977e-12	6.879665769859998e-07
657	5.7233650977977e-13	6.891212930859998e-07
658	-2.7604143691023004e-13	6.903109113859998e-07
659	9.432183588176999e-14	6.914413744859998e-07
660	6.5419115520977e-13	6.925671182859997e-07
661	-2.3149137094023e-13	6.936320961859997e-07
662	-5.300217244802301e-13	6.947866788859997e-07
663	5.1357540727977e-13	6.958500357859997e-07
664	7.5885575572977e-13	6.971303873859998e-07
665	-7.9698011093023e-13	6.981245247859997e-07
666	1.5382181247769997e-14	6.992073744859998e-07
667	3.2275852771977e-13	7.004407383859998e-07
668	-5.4406358200023e-13	7.014034309859998e-07
669	-3.6793971658023e-13	7.026700863859997e-07
670	5.2520859391977e-13	7.036833676859998e-07
671	5.8457825399977e-13	7.048178626859997e-07
672	-5.614645921623e-14	7.059606984859998e-07
673	-5.7001369419023e-13	7.070833234859997e-07
674	9.0938368946977e-13	7.081445361859998e-07
675	1.48415658389977e-12	7.092753583859998e-07
676	1.7150397622977e-13	7.104317569859997e-07
677	1.30341376639977e-12	7.116010002859997e-07
678	1.49124141119977e-12	7.127944246859998e-07
679	-2.4623185256023003e-13	7.138493074859998e-07
680	-2.3327201893002296e-12	7.149325058859998e-07
681	-1.0847875948023e-13	7.160758136859998e-07
682	7.484287302097699e-13	7.173118039859998e-07
683	3.3392555925977e-13	7.183692310859997e-07
684	3.7188007820977e-13	7.195271172859997e-07
685	-9.369324459023001e-14	7.207323707859998e-07
686	-3.9884957302023e-13	7.217948556859998e-07
687	-3.7346420226023004e-13	7.230629370859997e-07
688	4.5272816939977e-13	7.242624966859998e-07
689	-5.7609926996023e-13	7.252864475859998e-07
690	-5.4245212154023e-13	7.265045456859997e-07
691	-8.268761104502301e-13	7.276334698859998e-07
692	1.14399115509977e-12	7.287445838859998e-07
693	7.5083740109977e-13	7.299568341859999e-07
694	-1.6305176874023e-13	7.310556985859997e-07
695	9.0844042522977e-13	7.322454399859999e-07
696	1.4463907177997699e-12	7.332936131859998e-07
697	4.144791937777e-14	7.344830057859998e-07
698	-1.6332561964023e-13	7.355685022859997e-07
699	6.1972488828977e-13	7.366030510859997e-07
700	-1.3095157367022998e-13	7.376923640859997e-07
701	-9.8029712691023e-13	7.387927262859997e-07
702	-4.5276899145023e-13	7.399820265859998e-07
703	5.2972165690977e-13	7.412459529859997e-07
704	8.920045021897699e-13	7.423401391859998e-07
705	6.9439612007977e-13	7.435446744859998e-07
706	1.7375807349977e-13	7.446223328859998e-07
707	-1.5042541613023e-13	7.458771593859999e-07
708	-8.6738535411023e-13	7.469231369859998e-07
709	7.3245044246977e-13	7.480197238859998e-07
710	3.4749882744976997e-13	7.491343465859999e-07
711	-3.0574391512023e-13	7.502717243859999e-07
712	-5.2118790269023e-13	7.513678290859997e-07
713	-1.29764651500023e-12	7.525052376859997e-07
714	5.712557967176999e-14	7.536501048859998e-07
715	-9.4561543061023e-13	7.548354244859997e-07
716	-7.4196042041023e-13	7.559881912859997e-07
717	4.1543819532977e-13	7.571263796859997e-07
718	-1.9027985184023e-13	7.582177855859997e-07
719	-7.1747814909023e-13	7.594044388859997e-07
720	-3.4717451495023e-13	7.605050986859997e-07
721	6.0559539846977e-13	7.616982153859997e-07
722	-6.7804483523023e-13	7.627574788859997e-07
723	1.9581828565977e-13	7.638781339859997e-07
724	2.8736360193977e-13	7.649247682859998e-07
725	-5.7111883475023e-13	7.660473214859997e-07
726	6.8648243734977e-13	7.672657888859997e-07
727	-8.6543796986023e-13	7.683488642859998e-07
728	-1.56672024750023e-12	7.694721457859998e-07
729	1.3956565748977e-13	7.705697790859997e-07
730	-6.6081170177023e-13	7.716353725859998e-07
731	-8.6410036031023e-13	7.727720732859997e-07
732	7.4177719588977e-13	7.739910434859997e-07
733	3.2391235288977e-13	7.750646802859998e-07
734	-7.2394711614023e-13	7.761532545859998e-07
735	-3.2983305824023004e-13	7.773027999859998e-07
736	-3.7235662748023004e-13	7.784067016859998e-07
737	7.6236591582977e-13	7.795053608859997e-07
738	9.3339737144977e-13	7.806881669859998e-07
739	-2.1936646978022999e-13	7.818106072859997e-07
740	1.5282377805769997e-14	7.827999433859997e-07
741	1.22203744729977e-12	7.840068895859998e-07
742	-4.060998428023e-14	7.851484942859997e-07
743	-1.42799954790023e-12	7.863498081859998e-07
744	-9.5934570665023e-13	7.874825179859998e-07
745	1.26499552659977e-12	7.886559368859998e-07
746	1.59488485209977e-12	7.897827681859998e-07
747	2.6984201218977e-13	7.908808220859997e-07
748	-1.06995469760023e-12	7.920351072859998e-07
749	-6.1481083454023e-13	7.932260284859998e-07
750	5.804693584377e-14	7.943030815859999e-07
751	-4.848350220823e-14	7.954253577859998e-07
752	-4.713607053830002e-15	7.965555232859997e-07
753	-6.727819441123001e-14	7.978540543859997e-07
754	1.3493453432977e-13	7.989445266859997e-07
755	-1.10890846810023e-12	8.001478924859998e-07
756	-9.0652899456023e-13	8.013008233859997e-07
757	3.5340913863977e-13	8.024114244859998e-07
758	6.6237138615977e-13	8.036655737859998e-07
759	3.8546916889976997e-13	8.047643663859997e-07
760	3.2976545965976997e-13	8.058904282859998e-07
761	1.46381737249977e-12	8.070083133859997e-07
762	1.4587200942997699e-12	8.080991344859997e-07
763	2.0166652396977e-13	8.092063910859997e-07
764	-1.6226794658023e-13	8.103175666859998e-07
765	9.840524870297699e-13	8.114271007859998e-07
766	-9.4204684898023e-13	8.125123099859998e-07
767	-1.44581933090023e-12	8.136014690859997e-07
768	3.9572944963976997e-13	8.148260921859998e-07
769	1.10258002919977e-12	8.159763556859997e-07
770	2.0856148131977e-13	8.169943869859999e-07
771	-5.082036330323e-14	8.182777855859997e-07
772	-1.2049898873022998e-13	8.193916080859997e-07
773	6.2711034303977e-13	8.206012114859998e-07
774	-1.4463925069023e-13	8.217006093859998e-07
775	-2.6274201962023e-13	8.227989403859999e-07
776	4.1389002484976997e-13	8.240737313859997e-07
777	1.1474259392977e-13	8.251792027859997e-07
778	2.6582074891769998e-14	8.262430624859997e-07
779	5.5944604318977e-13	8.274107257859997e-07
780	-7.181316547323001e-14	8.284279260859997e-07
781	-1.24902641590023e-12	8.295610976859998e-07
782	-1.08487774650023e-12	8.306440806859999e-07
783	8.934870336477e-14	8.316653128859998e-07
784	4.7872818331977e-13	8.327945755859998e-07
785	7.5775913497977e-13	8.339483888859998e-07
786	1.4029251013997699e-12	8.349906731859997e-07
787	7.4574985975977e-13	8.359914175859999e-07
788	9.4813298461977e-13	8.372290493859997e-07
789	-2.3743819558023e-13	8.383947018859997e-07
790	-8.5857587462023e-13	8.395579126859997e-07
791	3.4138890937976997e-13	8.406767930859997e-07
792	5.904983872976999e-14	8.418990769859997e-07
793	3.6151999401977e-13	8.429917344859999e-07
794	-1.36364458420023e-12	8.441116201859999e-07
795	-1.5321383547002301e-12	8.452623967859997e-07
796	2.5155242276976997e-13	8.464080641859998e-07
797	9.0730729101977e-13	8.475352339859999e-07
798	2.5499320730976997e-13	8.486097119859997e-07
799	-6.2470232939023e-13	8.498214903859998e-07
800	-5.4795956761023e-13	8.510338329859998e-07
801	5.3070630306977e-13	8.521725035859998e-07
802	7.620421631997699e-13	8.532928919859998e-07
803	3.6259957515977e-13	8.544308443859998e-07
804	-3.1904820086023003e-13	8.555735160859999e-07
805	4.2568630491977e-13	8.565977234859999e-07
806	3.9204280783976997e-13	8.578141903859998e-07
807	-2.7228541954023004e-13	8.590225215859999e-07
808	-1.12589087580023e-12	8.600815080859998e-07
809	-1.12205331170023e-12	8.612920860859997e-07
810	2.0764012514977e-13	8.623796447859998e-07
811	1.02855508549977e-12	8.635301237859998e-07
812	-3.0409472408023e-13	8.646653573859999e-07
813	-1.74918893430023e-12	8.657376091859997e-07
814	-2.5855514350023e-13	8.668052955859998e-07
815	1.30667806929977e-12	8.681486187859997e-07
816	5.2917638931977e-13	8.691598891859997e-07
817	-6.3363473751023e-13	8.702065645859997e-07
818	-4.8444319620023e-13	8.713636402859997e-07
819	1.57370583129977e-12	8.725121597859998e-07
820	-2.0562523969023e-13	8.734863529859997e-07
821	-1.24083279670023e-12	8.746472041859997e-07
822	1.6607199129977002e-13	8.758736020859998e-07
823	-2.0009093189230004e-14	8.769273254859997e-07
824	-6.7572379663023e-13	8.781335022859997e-07
825	7.396764551397699e-13	8.792620263859998e-07
826	6.795351440497699e-13	8.804610318859997e-07
827	-6.348871490002301e-13	8.815961014859999e-07
828	-3.8701434527023e-13	8.826393911859998e-07
829	3.8231684064977e-13	8.838120405859998e-07
830	-6.8377136203023e-13	8.849521678859999e-07
831	-1.40587361150023e-12	8.861167226859997e-07
832	1.46204890419977e-12	8.871681172859998e-07
833	2.4186175191976997e-13	8.883036381859999e-07
834	-2.0047831165002297e-12	8.894079194859997e-07
835	-5.7531423069023e-13	8.905480365859998e-07
836	1.92849976699977e-12	8.916120911859997e-07
837	-6.2679820169023e-13	8.928736271859999e-07
838	-1.32119647610023e-12	8.938733866859998e-07
839	8.1166151378977e-13	8.950455743859997e-07
840	-4.4268632431230003e-14	8.960798461859997e-07
841	-1.08817247720023e-12	8.972779488859998e-07
842	-6.9119211312023e-13	8.985733816859998e-07
843	3.237554302277e-14	8.996641412859997e-07
844	1.6159057330977001e-13	9.009161873859998e-07
845	-7.571888800123001e-14	9.020952693859998e-07
846	-3.800657496623e-14	9.032567976859997e-07
847	-3.8977841378023004e-13	9.043582165859999e-07
848	1.1783406641977e-13	9.055658194859998e-07
849	-3.943911950223e-14	9.067713498859997e-07
850	-5.6782166980023e-13	9.079098665859999e-07
851	-1.62195293320023e-12	9.091013006859997e-07
852	1.82798187779977e-12	9.101532390859998e-07
853	3.5530296981976996e-13	9.112335853859997e-07
854	-9.7968248376023e-13	9.123485056859997e-07
855	-1.18762295640023e-12	9.134570137859998e-07
856	-1.05638873210023e-12	9.143752425859997e-07
857	-2.4279471937023003e-13	9.155714883859998e-07
858	-2.1186043543230002e-14	9.168632482859998e-07
859	-5.5594506013023e-13	9.178756882859999e-07
860	4.098906696477e-14	9.190300657859997e-07
861	-5.5214279239023e-13	9.200519545859997e-07
862	-6.028952771902301e-13	9.212025361859998e-07
863	1.3834002252977e-13	9.223232118859997e-07
864	-6.1060691880023e-13	9.233620593859997e-07
865	-1.75292791200023e-12	9.245367708859998e-07
866	6.6245901844977e-13	9.257176686859997e-07
867	1.1981796411977001e-13	9.268512505859998e-07
868	5.2899747338977e-13	9.281652835859999e-07
869	6.826339192297699e-13	9.292991424859998e-07
870	1.7577856984769996e-14	9.303970732859997e-07
871	-1.04800402580023e-12	9.315864145859998e-07
872	2.8034093269769998e-14	9.326741475859997e-07
873	1.29968452559977e-12	9.337378328859997e-07
874	9.7662199901977e-13	9.348878604859997e-07
875	5.456607169969998e-15	9.359243687859997e-07
876	-2.8807262020023e-13	9.370579814859998e-07
877	-5.265590318602301e-13	9.381846383859998e-07
878	-8.6744499275023e-13	9.392575364859997e-07
879	7.1987399158977e-13	9.404035731859998e-07
880	5.8527079251977e-13	9.415994187859998e-07
881	-1.81265053550023e-12	9.426632681859998e-07
882	-6.8080160105023e-13	9.438957395859997e-07
883	1.1525669484997699e-12	9.450332918859999e-07
884	9.5003655271977e-13	9.461557013859998e-07
885	-5.3444106960023e-13	9.472364375859998e-07
886	-5.521293189323e-14	9.486517401859997e-07
887	-7.030090841502301e-13	9.497138557859997e-07
888	-8.423374042030001e-15	9.508691155859998e-07
889	-4.8888810074023e-13	9.520420419859998e-07
890	-4.0098682723023e-13	9.530804687859997e-07
891	4.556297719297699e-13	9.542121424859997e-07
892	-9.225145849902301e-13	9.552542010859999e-07
893	-2.2238419361002297e-12	9.563350911859997e-07
894	-5.8955812933023e-13	9.573760007859997e-07
895	-1.6713640719023e-13	9.584939987859998e-07
896	-6.5363802506023e-13	9.596283090859999e-07
897	-2.8472433641023004e-13	9.607570896859998e-07
898	8.9090179585977e-13	9.618534918859999e-07
899	-5.0486152002023e-13	9.630970535859998e-07
900	-4.997824984802301e-13	9.641415743859997e-07
901	-4.4810987464023e-13	9.652991528859998e-07
902	-6.7822983673023e-13	9.664406036859997e-07
903	-1.0453652349023e-13	9.676203011859999e-07
904	3.3268897025977e-13	9.687299891859997e-07
905	8.798675150777e-14	9.699899759859997e-07
906	-1.36924209670023e-12	9.710704864859998e-07
907	-6.5062323082023e-13	9.721609382859998e-07
908	4.9363419259977e-13	9.732626342859997e-07
909	-8.745760704302301e-13	9.744625323859997e-07
910	-1.11677103200023e-12	9.755830028859998e-07
911	2.4406351322977e-13	9.766718028859997e-07
912	1.3801261854977e-13	9.779024891859998e-07
913	-9.032183561523001e-14	9.790354042859998e-07
914	2.8199368987977e-13	9.801972300859997e-07
915	-7.8644232793023e-13	9.813902338859997e-07
916	-2.9454280436023004e-13	9.826042795859997e-07
917	5.5280059444977e-13	9.836188432859997e-07
918	-9.6701840058023e-13	9.848575625859997e-07
919	-1.00795850300023e-12	9.859967563859997e-07
920	4.907021621997699e-13	9.870458425859997e-07
921	1.19940762519977e-12	9.881236343859998e-07
922	-9.6896578483023e-13	9.893166689859998e-07
923	-2.2553238367002298e-12	9.904461779859997e-07
924	-1.35081375620023e-12	9.915918863859999e-07
925	2.5302026364976996e-13	9.925722249859998e-07
926	-2.2549586169023e-13	9.936227372859997e-07
927	-1.07353423330023e-12	9.949167439859998e-07
928	-2.8517710325023e-13	9.959490152859997e-07
929	8.0411539982977e-13	9.970753130859998e-07
930	1.5775309442769996e-14	9.982750367859997e-07
931	-6.0642977959023e-13	9.993135045859998e-07
932	7.0817264649977e-13	1.0005028971859998e-06
933	4.2534186132977e-13	1.0015585288859998e-06
934	-1.9786856482023e-13	1.0026941420859998e-06
935	-8.8159273929023e-13	1.0038610359859998e-06
936	-3.9721498737023e-13	1.0049963824859997e-06
937	-3.6714007193023004e-13	1.0061829229859998e-06
938	1.1455767761769998e-14	1.0072763909859997e-06
939	1.2925547501977e-13	1.0084906520859998e-06
940	-4.5443643921023004e-13	1.0094706316859998e-06
941	8.0016951249977e-13	1.0105273507859998e-06
942	-7.3650652741023e-13	1.0117332711859998e-06
943	-9.7793714063023e-13	1.0128423640859997e-06
944	-9.478634422902301e-13	1.0139767769859997e-06
945	1.11816762289977e-12	1.0151968653859997e-06
946	8.224927067377e-14	1.0162675679859998e-06
947	-1.20728545170023e-12	1.0174554421859997e-06
948	-8.2424470749023e-13	1.0186813886859998e-06
949	-7.4514195942023e-13	1.0197120183859998e-06
950	-4.795892557723e-14	1.0208534589859997e-06
951	8.1284820105977e-13	1.0219748835859998e-06
952	-1.00150049000023e-12	1.0230729888859997e-06
953	-1.90292883490023e-12	1.0242437914859998e-06
954	-5.291064538802301e-13	1.0254039245859998e-06
955	-1.0633907104023e-13	1.0265282320859999e-06
956	-3.3203725378023004e-13	1.0276469994859998e-06
957	-4.4422484307023e-13	1.0288705555859999e-06
958	5.2263317824977e-13	1.0299137734859997e-06
959	6.178226224977e-14	1.0309798491859998e-06
960	-7.849877901223001e-14	1.0320913735859998e-06
961	4.3933260001977e-13	1.0332478849859997e-06
962	-2.8422775343023e-13	1.0343920545859998e-06
963	-1.20083595850023e-12	1.0353923064859997e-06
964	-5.0576705370023e-13	1.0365930560859999e-06
965	1.1799107427977002e-13	1.0376823793859999e-06
966	-7.8163472307023e-13	1.0388758653859998e-06
967	-3.2249263675023e-13	1.0399857892859998e-06
968	3.4904708311769997e-14	1.0412058264859998e-06
969	-6.3080129343023e-13	1.0423197822859998e-06
970	-5.7575239214023e-13	1.0434976844859997e-06
971	4.0740036684976996e-13	1.0446664967859997e-06
972	2.7650693476977e-13	1.0458641275859999e-06
973	-1.74245707030023e-12	1.0470665391859997e-06
974	-1.55124706260023e-12	1.0482128734859997e-06
975	-4.2390145423023e-13	1.0493275166859998e-06
976	-6.3304078531023e-13	1.0504870033859998e-06
977	-4.8448822946023e-13	1.0516107773859997e-06
978	5.899408633597699e-13	1.0527515202859998e-06
979	-1.9579094925023e-13	1.0538123739859998e-06
980	-4.1460756292023e-13	1.0548724273859998e-06
981	8.9231730078977e-13	1.0559466181859998e-06
982	-3.4725362743023e-13	1.0572384088859999e-06
983	-5.4323716082023e-13	1.0582491663859998e-06
984	-4.5968342263023e-13	1.0593438757859998e-06
985	-5.2353084936023e-13	1.0604021543859997e-06
986	-1.38878653190023e-12	1.0615999902859997e-06
987	-1.07570921800023e-12	1.0627721061859998e-06
988	6.4073716429977e-13	1.0638762438859998e-06
989	-3.768403945023e-14	1.0650331041859997e-06
990	-2.1376652296022998e-13	1.0661035913859997e-06
991	6.8709586338977e-13	1.0673252699859997e-06
992	1.1761863703977e-13	1.0684376356859998e-06
993	-5.6488598805023e-13	1.0695621072859998e-06
994	-1.46980136790023e-12	1.0708220017859998e-06
995	-6.800701148502301e-13	1.0718255161859998e-06
996	8.6358608046977e-13	1.0730405262859998e-06
997	-4.8856556523023e-13	1.0741096899859998e-06
998	-8.9465116778023e-13	1.0751469061859997e-06
999	-2.4495631588023004e-13	1.0763708828859999e-06
1000	-6.471629724402301e-13	1.0775337961859998e-06
1001	-1.50079277100023e-12	1.0786044782859997e-06
1002	-1.63517810650023e-12	1.0797825958859997e-06
1003	-8.3755629592023e-13	1.0808071315859999e-06
1004	-7.377872125030002e-15	1.0819391027859997e-06
1005	-8.6245482062023e-13	1.0829993305859998e-06
1006	-1.19930361050023e-12	1.0841499942859998e-06
1007	-7.7408860912023e-13	1.0852899779859997e-06
1008	-8.8614353285023e-13	1.0863416598859998e-06
1009	-1.66176720410023e-12	1.0873813074859998e-06
1010	-1.11245635880023e-12	1.0886296500859997e-06
1011	-1.67067283570023e-12	1.0898419311859998e-06
1012	-1.2711353127002301e-12	1.0908614397859998e-06
1013	-8.7634088741023e-13	1.0919369642859997e-06
1014	2.2150550097977e-13	1.0930556188859998e-06
1015	-5.7218259340023e-13	1.0942994678859998e-06
1016	-1.74149554940023e-12	1.0953493030859998e-06
1017	-1.58427469940023e-12	1.0964121264859997e-06
1018	-1.29753332320023e-12	1.0976672094859998e-06
1019	6.082791373797699e-13	1.0988039717859999e-06
1020	-1.3438262129022999e-13	1.0998393002859997e-06
1021	-1.79173806290023e-12	1.1010386545859998e-06
1022	-9.8846396959023e-13	1.1021829779859997e-06
1023	1.4018882044977e-13	1.1032878851859998e-06
1024	-3.962412100523e-14	1.1044631711859999e-06
1025	-6.844127817202301e-13	1.1055893868859997e-06
1026	-9.344423135002301e-13	1.1068181649859997e-06
1027	-3.7914447869023e-13	1.1079053337859998e-06
1028	-3.2050265347023003e-13	1.1090143651859998e-06
1029	-1.04194157520023e-12	1.1101592527859997e-06
1030	-3.1693650607023e-13	1.1112433027859998e-06
1031	9.1541327793977e-13	1.1124748097859997e-06
1032	-2.1322003825023e-13	1.1136500034859998e-06
1033	-2.02117522340023e-12	1.1147636515859997e-06
1034	-2.05747081440023e-12	1.1158568323859998e-06
1035	-1.5795205624023e-13	1.1170069932859997e-06
1036	4.366185184277e-14	1.1180796143859998e-06
1037	-1.03302133820023e-12	1.1191977457859998e-06
1038	1.7758711776977e-13	1.1202416818859998e-06
1039	-4.9072107617023e-13	1.1212368143859998e-06
1040	-1.34291833020023e-12	1.1223984657859999e-06
1041	-9.1572673378023e-13	1.1235301599859999e-06
1042	-1.8505989689002296e-12	1.1247116630859997e-06
1043	-2.05190372970023e-12	1.1258569919859998e-06
1044	1.4698032299977e-13	1.1268924435859998e-06
1045	1.44010310089977e-12	1.1281854140859998e-06
1046	-7.5849858112023e-13	1.1292773226859997e-06
1047	-2.5956645300002297e-12	1.1303676411859998e-06
1048	-2.21373379480023e-12	1.1315325446859997e-06
1049	-1.21612657620023e-12	1.1326333788859998e-06
1050	1.49597964049977e-12	1.1336978951859997e-06
1051	7.931480603776999e-14	1.1348177706859997e-06
1052	-1.02167417370023e-12	1.1359521527859999e-06
1053	-3.7107987368023e-13	1.1370834981859997e-06
1054	-6.9818078833023e-13	1.1383294195859997e-06
1055	-3.684788134023e-14	1.1393837482859998e-06
1056	-5.2628152961023e-13	1.1404921845859998e-06
1057	-7.8700098378023e-13	1.1416548208859997e-06
1058	1.8818332229977e-13	1.1429095755859998e-06
1059	6.146081361797699e-13	1.1441302897859998e-06
1060	-5.2748647361023e-13	1.1452602808859998e-06
1061	-9.572582689723e-14	1.1463355488859998e-06
1062	1.02954338299977e-12	1.1475178112859998e-06
1063	-2.3653753037023e-13	1.1487489797859998e-06
1064	-4.5300267755023e-13	1.1497691962859997e-06
1065	1.8512601422769997e-14	1.1509179927859997e-06
1066	-4.2072478368023e-13	1.1520775512859998e-06
1067	4.1119046343976997e-13	1.1531615909859997e-06
1068	4.9512881000977e-13	1.1543819973859998e-06
1069	2.8863183592976997e-13	1.1555352566859997e-06
1070	3.2009547976976997e-13	1.1565775717859997e-06
1071	-3.8585443453023e-13	1.1576617961859998e-06
1072	-7.7789817955023e-13	1.1589404446859997e-06
1073	-1.8553918831023e-13	1.1600073308859997e-06
1074	1.3366264898977e-13	1.1611922811859998e-06
1075	1.0231145807997699e-12	1.1622660922859997e-06
1076	-2.9073323393023004e-13	1.1633933852859998e-06
1077	-5.4234866675023e-13	1.1645161948859998e-06
1078	-2.2875164473023003e-13	1.1656653401859997e-06
1079	-5.781512409123e-14	1.1667238649859999e-06
1080	-1.4637182263002301e-12	1.1678184307859998e-06
1081	-1.05458740170023e-12	1.1688806386859997e-06
1082	-5.6673965443023e-13	1.1700872668859999e-06
1083	1.6415746916977e-13	1.1711690289859997e-06
1084	-8.8299850730023e-13	1.1723284028859997e-06
1085	-2.4903086080002297e-12	1.1734991644859998e-06
1086	-8.8123247321023e-13	1.1746215021859998e-06
1087	8.1010238926977e-13	1.1757392642859998e-06
1088	-3.4328461492023e-13	1.1768184718859997e-06
1089	-1.49640385380023e-12	1.1779465649859998e-06
1090	-8.923130043723e-14	1.1790005244859998e-06
1091	4.666896973297699e-13	1.1800038336859997e-06
1092	8.3447390310977e-13	1.1811181382859998e-06
1093	-9.2653228211023e-13	1.1823026474859998e-06
1094	-1.09967664960023e-12	1.1834611389859997e-06
1095	1.27743079209977e-12	1.1845957878859998e-06
1096	-4.5928299175023e-13	1.1857000486859998e-06
1097	-1.9283555876002298e-12	1.1869868122859997e-06
1098	-4.1016509261023004e-13	1.1881277809859998e-06
1099	1.73051407919977e-12	1.1892836152859998e-06
1100	8.465429021677e-14	1.1903787555859998e-06
1101	-2.8035489301023003e-13	1.1916281958859997e-06
1102	2.1516433102977002e-13	1.1927758125859998e-06
1103	4.5421913546976997e-13	1.1938447505859999e-06
1104	-9.3181212765023e-13	1.1948998179859998e-06
1105	-4.2925676091023003e-13	1.1960208424859998e-06
1106	1.07129286699977e-12	1.1971534087859997e-06
1107	1.6464431522977e-13	1.1983352606859997e-06
1108	-6.8024416231023e-13	1.1994602965859997e-06
1109	1.7863505391977e-13	1.2006010394859998e-06
1110	6.943921887669998e-15	1.2016892342859998e-06
1111	-1.4213686194023e-13	1.2028038261859998e-06
1112	-1.41254461970023e-12	1.2039811127859997e-06
1113	-2.1780734527023e-13	1.2050224634859997e-06
1114	1.24579796929977e-12	1.2060857383859998e-06
1115	-8.3268783531023e-13	1.2072819225859998e-06
1116	-1.05114418290023e-12	1.2083484188859997e-06
1117	5.134063134677e-14	1.2095515486859997e-06
1118	4.1742087590977e-13	1.2107482252859999e-06
1119	-9.2407857796023e-13	1.2118137366859998e-06
1120	-7.7793712724023e-13	1.2128849214859997e-06
1121	1.54518030339977e-12	1.2140301887859997e-06
1122	4.2357704435977e-13	1.2151123612859997e-06
1123	-1.7294850570002301e-12	1.2163009125859999e-06
1124	-1.72490505270023e-12	1.2174838827859997e-06
1125	1.53801271229977e-12	1.2186586148859997e-06
1126	6.6571480147977e-13	1.2198841303859997e-06
1127	-7.473254640102301e-13	1.2210292745859998e-06
1128	-4.550513623130002e-15	1.2221859399859998e-06
1129	5.5050998372977e-13	1.2233615439859997e-06
1130	-3.0393649911023004e-13	1.2244319387859997e-06
1131	-7.763536604202301e-13	1.2256051113859997e-06
1132	-5.9757404973023e-13	1.2266673090859998e-06
1133	-1.3741263799002301e-12	1.2278864535859999e-06
1134	-2.10557242240023e-12	1.2289489179859998e-06
1135	-6.277658082302301e-13	1.2301135753659999e-06
1136	-2.1333931554023e-13	1.2311711563159998e-06
1137	-1.57574272220023e-12	1.2323129969759998e-06
1138	-1.03848861950023e-12	1.2334358579159997e-06
1139	-3.3855247120023e-13	1.2346195873459998e-06
1140	4.2191203082976996e-13	1.2357610484059999e-06
1141	8.101060406197699e-13	1.2367889183959998e-06
1142	-2.5239897505023e-13	1.2379308719059997e-06
1143	-2.3520470407230003e-14	1.2391438403659997e-06
1144	8.791250748277e-14	1.2401773119359997e-06
1145	-1.20117796790023e-12	1.2412442493759998e-06
1146	2.6705603559977e-13	1.2423927688459998e-06
1147	-3.5347430298023003e-13	1.2435511885559998e-06
1148	-1.70903143690023e-12	1.2446132528259998e-06
1149	-1.76842543930023e-12	1.2457807109759998e-06
1150	3.5664788205976997e-13	1.2468585027659997e-06
1151	-2.0322387150022999e-13	1.2479965167059999e-06
1152	-8.257624500802301e-13	1.2490727285659997e-06
1153	-4.2485202117023e-13	1.2502602847059997e-06
1154	-3.8383889183023e-13	1.2513294997159999e-06
1155	-5.5634183967023e-13	1.2524553255959998e-06
1156	-1.11647283880023e-12	1.2534899769859997e-06
1157	-5.7798092999023e-13	1.2547113785959997e-06
1158	3.8214644452977e-13	1.2557767258359998e-06
1159	-4.6708956834023e-13	1.2569420398059998e-06
1160	-2.7784155022023e-13	1.2580910004259998e-06
1161	1.00067949709977e-12	1.2593228870459997e-06
1162	1.9655585743977002e-13	1.2603791650659997e-06
1163	-1.76645979830023e-12	1.2614237577259998e-06
1164	1.13930769599977e-12	1.2626314323759997e-06
1165	1.4952250290997699e-12	1.2636932504259997e-06
1166	-1.00919996050023e-12	1.2648244624359998e-06
1167	-8.5087031859023e-13	1.2660032058359998e-06
1168	1.56974777279977e-12	1.2671562291459997e-06
1169	7.661889597276999e-14	1.2683369320759997e-06
1170	-1.30151937540023e-12	1.2694231057159998e-06
1171	-7.774466298302301e-13	1.2705301878359998e-06
1172	-4.2623101264023e-13	1.2717019241259998e-06
1173	2.961147450877e-14	1.2727819934859997e-06
1174	-1.21123620750023e-12	1.2739000633259998e-06
1175	1.4421138602977e-13	1.2750706813459998e-06
1176	-1.9389581576230005e-14	1.2761956864859997e-06
1177	-8.801066416902301e-13	1.2771761994959998e-06
1178	6.552512625097699e-13	1.278424439456e-06
1179	1.08349688069977e-12	1.2795847571359997e-06
1180	-8.7442027969023e-13	1.2807662192559997e-06
1181	7.993553476676999e-14	1.2819301071659998e-06
1182	4.9973680797977e-13	1.2830208154259998e-06
1183	3.7182165667977e-13	1.2841800251059998e-06
1184	1.17482920179977e-12	1.2852839986559999e-06
1185	1.32094996159977e-12	1.2864565556859996e-06
1186	2.2301837510977e-13	1.2875025641359998e-06
1187	2.4069949214769996e-14	1.2885495164359997e-06
1188	-2.0491177531002297e-12	1.2898035734259996e-06
1189	-1.37556866130023e-12	1.2908568762459998e-06
1190	-1.5383212145022998e-13	1.2919840255759998e-06
1191	-7.9283583383023e-13	1.293154069076e-06
1192	5.0995692392977e-13	1.2942967510059998e-06
1193	1.63669519179977e-12	1.2953987445059997e-06
1194	1.4924659141977e-13	1.2965364404059997e-06
1195	-1.25645812100023e-12	1.2976536792359998e-06
1196	1.1119348613976999e-13	1.2988542339359996e-06
1197	-9.057134422123e-14	1.2998773743759997e-06
1198	-1.01967932190023e-12	1.3009910532359999e-06
1199	1.6942879489977e-13	1.3021716125259998e-06
1200	-4.7404903279023e-13	1.3033752963059998e-06
1201	-3.1007075949023003e-13	1.3045413489459999e-06
1202	9.5537725400977e-13	1.3057298797259997e-06
1203	-8.345561070702301e-13	1.3068608865559998e-06
1204	-2.2197597319002297e-12	1.3080066667859998e-06
1205	4.9598931041977e-13	1.3091491230059998e-06
1206	3.04220273159977e-12	1.3103057781059998e-06
1207	1.82365746769977e-12	1.3114311320559998e-06
1208	-1.18173820460023e-12	1.3125467807059998e-06
1209	-9.4252152389023e-13	1.3137390253559997e-06
1210	-3.8776652244023e-13	1.3149075915159998e-06
1211	6.265006535477e-14	1.315939483156e-06
1212	-2.2351318111023e-13	1.3170931938359997e-06
1213	-2.1232545861023e-13	1.3183099377159998e-06
1214	-4.2665943717023004e-13	1.3192354403159999e-06
1215	-4.623160427102301e-13	1.3203979124459998e-06
1216	-7.6196249084023e-13	1.3214303375659997e-06
1217	-1.12682318600023e-12	1.3225373786459997e-06
1218	-8.445851359302301e-13	1.3238152987959998e-06
1219	-5.5780481209023e-13	1.3248236247959998e-06
1220	-3.0190391681023e-13	1.3258477706559998e-06
1221	6.599226356576999e-14	1.3269307741759999e-06
1222	4.671132533997699e-13	1.3280159629259996e-06
1223	-5.6972036944023e-13	1.3293091284059996e-06
1224	-3.0304922217023003e-13	1.3304136251859997e-06
1225	-1.39314745550023e-12	1.3315803959659998e-06
1226	-2.12937310920023e-12	1.3327321060859999e-06
1227	-1.39709090860023e-12	1.3339246482559997e-06
1228	-7.5638810344023e-13	1.3351399045359997e-06
1229	5.398420546077e-14	1.3361102403159997e-06
1230	2.9031023772977e-13	1.3373374076559996e-06
1231	-3.3695318189023003e-13	1.3384714820159997e-06
1232	1.4378296149977e-13	1.3395495610659997e-06
1233	1.8135774051977e-13	1.3406819836859998e-06
1234	1.03392134619977e-12	1.3418308930059997e-06
1235	5.4151793697977e-13	1.3429312860559998e-06
1236	-2.2571129107022998e-13	1.3440306634359997e-06
1237	5.596810316077e-14	1.3451124768759998e-06
1238	1.1898424023977e-13	1.3462252529059996e-06
1239	2.8168697685976996e-13	1.3473847190659997e-06
1240	7.0518706302977e-13	1.3485377526359998e-06
1241	-3.3477454576023003e-13	1.3496233004559998e-06
1242	6.7694634011977e-13	1.3506950289959998e-06
1243	-5.6327087624023e-13	1.3517841368059997e-06
1244	-1.3484512505023e-13	1.3530464525459997e-06
1245	5.178609549277e-14	1.3541084449959998e-06
1246	-4.5732952193023e-13	1.3551964550559998e-06
1247	-9.177020264723e-14	1.3564505017859997e-06
1248	2.1620253024977e-13	1.3575706953059998e-06
1249	1.02300382329977e-12	1.3586751920759996e-06
1250	4.074929527977e-14	1.3598084662159999e-06
1251	-1.77820739380023e-12	1.3611229402859998e-06
1252	-9.0962898686023e-13	1.3621801929359998e-06
1253	-1.6576958687023e-13	1.3633729402959997e-06
1254	7.115136275997699e-13	1.3645158376659998e-06
1255	-4.9138440392023e-13	1.3656707897159996e-06
1256	-1.9909419978023e-13	1.3666337182759996e-06
1257	6.1462395867977e-13	1.3677901579359998e-06
1258	-9.8787123451023e-13	1.3689593704359998e-06
1259	-9.1494291162023e-13	1.3701608587259997e-06
1260	-6.9541550270023e-13	1.3712828373559997e-06
1261	1.3382461050769998e-14	1.372365492066e-06
1262	5.7785125853977e-13	1.3735338120059999e-06
1263	-5.2601254716023e-13	1.3746861992359996e-06
1264	-6.9483493878023e-13	1.3757420053259997e-06
1265	-8.4253551401023e-13	1.3768284970059998e-06
1266	-8.6178662440023e-13	1.3779539125159996e-06
1267	-2.7495698731023e-13	1.3791053045959997e-06
1268	-4.3302860077023003e-13	1.3802705159559997e-06
1269	-9.338774868723001e-14	1.3813690212959997e-06
1270	5.509056313477e-14	1.3823628611559997e-06
1271	-1.8724436664023e-13	1.3835671399759997e-06
1272	-2.9656078128023e-13	1.3846390018859998e-06
1273	3.4418462288976996e-13	1.3856581924959997e-06
1274	3.5001582158977e-13	1.3869415500759998e-06
1275	-2.10830241170023e-12	1.3881155741859998e-06
1276	-7.5193467909023e-13	1.3892282989259998e-06
1277	6.5438467651977e-13	1.3903548019259998e-06
1278	-1.02948075030023e-12	1.3915785939459997e-06
1279	-9.3501070627023e-13	1.3926340614859998e-06
1280	2.9284548858977e-13	1.3937648220859999e-06
1281	5.2295206241977e-13	1.3949982578659998e-06
1282	-1.51890953010023e-12	1.3961031137159997e-06
1283	1.9669947702977002e-13	1.3971105368959997e-06
1284	1.2054798126997699e-12	1.3983211662359996e-06
1285	1.1641977860977002e-13	1.3995131646559997e-06
1286	7.2205993040977e-13	1.4005870373959998e-06
1287	9.7941040982977e-13	1.4017496736759998e-06
1288	-6.8357053803023e-13	1.402774989096e-06
1289	-9.5726322263023e-13	1.4038245883059998e-06
1290	-8.3635378615023e-13	1.4050847700959997e-06
1291	-5.3772484628023e-13	1.4063095367659997e-06
1292	1.20848121869977e-12	1.4072672022959998e-06
1293	9.9274268922977e-13	1.4084184404859999e-06
1294	-5.4505674797023e-13	1.4096314602359997e-06
1295	-1.42640269280023e-12	1.4105971690659998e-06
1296	-6.1333812520023e-13	1.4117404870659997e-06
1297	7.606389146277e-14	1.4128183711859996e-06
1298	1.5285655496977e-13	1.4139940265359998e-06
1299	-5.3154190130023e-13	1.4151190932259997e-06
1300	-4.9435781625023e-13	1.4162450935159999e-06
1301	-1.4120443854002301e-12	1.4174361070459998e-06
1302	-1.11540421170023e-12	1.4185418144159998e-06
1303	-2.0333584609022998e-13	1.4196696408559998e-06
1304	-7.651723034630001e-15	1.4207738708859997e-06
1305	1.24965622429977e-12	1.4218266607459997e-06
1306	1.00446229099977e-12	1.4229942727859997e-06
1307	-1.79840176840023e-12	1.4241167849159998e-06
1308	-1.23754658580023e-12	1.4252989856959997e-06
1309	7.8087336885977e-13	1.4264769699059998e-06
1310	-2.7751901470023e-13	1.4275739466059998e-06
1311	-1.70855067640023e-12	1.4286205500959997e-06
1312	-1.23671773040023e-12	1.4298155647559998e-06
1313	-5.0917862747023e-13	1.4310480874559998e-06
1314	5.7523324384977e-13	1.4321079357159998e-06
1315	3.9441983373977e-13	1.4332168542459998e-06
1316	-7.8992206015023e-13	1.434426878286e-06
1317	-1.71834845340023e-12	1.4354561127559999e-06
1318	9.7110359890977e-13	1.4365938599559997e-06
1319	2.05659626849977e-12	1.4376682251359997e-06
1320	8.4856444523977e-13	1.4387760254059997e-06
1321	-8.0327137916023e-13	1.4398954494759998e-06
1322	-2.2651666469002297e-12	1.4409199338959997e-06
1323	-9.8800390006023e-13	1.4420066410259999e-06
1324	-5.7851767777023e-13	1.4432452782659998e-06
1325	3.5586527701977e-13	1.4443308260959999e-06
1326	6.8536269140977e-13	1.4454553182659998e-06
1327	9.986336117677e-14	1.4466458085759998e-06
1328	-7.8370260172023e-13	1.4477709060459999e-06
1329	-6.6936923842023e-13	1.4490422499659999e-06
1330	2.15739896259977e-12	1.4500711664059997e-06
1331	1.55878643369977e-12	1.4513052793059997e-06
1332	-8.939513265602301e-13	1.4524620267359998e-06
1333	-6.3666413712023e-13	1.4535579775059998e-06
1334	-4.0638595006023003e-13	1.4546465415759997e-06
1335	-1.21531110900023e-12	1.4557963537159998e-06
1336	-2.9605446138023003e-13	1.4569542399359997e-06
1337	3.4695721120977e-13	1.4581437350959998e-06
1338	-1.49519525840023e-12	1.4593328916859998e-06
1339	-1.1052838140023001e-13	1.4605066182859997e-06
1340	7.7952358814977e-13	1.4616741995559996e-06
1341	8.7157887567977e-13	1.4627668776059998e-06
1342	-6.479162815223e-14	1.4638562008559997e-06
1343	-1.5892331413023e-13	1.464906282256e-06
1344	-1.19439255090023e-12	1.466067102636e-06
1345	9.611586361876999e-14	1.4670724534359999e-06
1346	6.5237887073977e-13	1.4681934369259998e-06
1347	-9.8189641622023e-13	1.4693110143159996e-06
1348	-8.3815755081023e-13	1.4703651173559998e-06
1349	-5.799647424923001e-14	1.4716564669459997e-06
1350	-4.0568732596023e-13	1.4727431227759997e-06
1351	6.0843614523977e-13	1.4738016680959996e-06
1352	1.03372539069977e-12	1.4749619960359998e-06
1353	-3.0537269499023003e-13	1.4759898865459999e-06
1354	-5.1240519974023e-13	1.4771322401659997e-06
1355	9.4500865001977e-13	1.4783237051159997e-06
1356	1.27942807809977e-12	1.4794046772859997e-06
1357	-2.0728295053023e-13	1.4804782217259997e-06
1358	-1.51188069010023e-12	1.4816424071659997e-06
1359	3.7811779336977e-13	1.4827433029159998e-06
1360	1.31703571919977e-12	1.4839156650259997e-06
1361	-4.9709997669023e-13	1.4850838515959999e-06
1362	-7.659764514223e-14	1.4861888305559998e-06
1363	4.4178508705977e-13	1.4873949355359998e-06
1364	6.9802190611977e-13	1.4884295151059999e-06
1365	-1.2407000459023e-13	1.4896000202759997e-06
1366	-5.636919128923e-14	1.4906724464559997e-06
1367	3.6173298916976996e-13	1.4919059950859998e-06
1368	1.04410373159977e-12	1.4930053929759997e-06
1369	5.178852972377e-14	1.4941137472559998e-06
1370	-9.866150864723e-14	1.4952402297259998e-06
1371	1.5957876715769998e-14	1.4964030506759997e-06
1372	-1.83924571870023e-12	1.497495974946e-06
1373	-9.5757723834023e-13	1.4986353431159998e-06
1374	-8.770894132302301e-13	1.4996808898959998e-06
1375	-4.4187702794023003e-13	1.5007690948859999e-06
1376	-4.579732906423e-14	1.5019448835959997e-06
1377	-1.7844827543023e-13	1.5030257224059998e-06
1378	7.157053721897699e-13	1.5042181414659998e-06
1379	5.1349386055977e-13	1.5053649578859997e-06
1380	-4.0000339819023e-13	1.5064175733359998e-06
1381	-4.564153832523e-14	1.5075856367859997e-06
1382	7.3453901207977e-13	1.5086595095259999e-06
1383	-6.096249868330002e-15	1.5098632343359997e-06
1384	-2.9208179752023004e-13	1.5109524857759998e-06
1385	-2.5199854416023004e-13	1.5121214725759996e-06
1386	-1.5530361367022999e-13	1.5130432510359998e-06
1387	3.4349451858976997e-13	1.5143431363659998e-06
1388	-5.0779111620023e-13	1.5155327033359996e-06
1389	-8.7008978398023e-13	1.5166266945759998e-06
1390	1.13072946839977e-12	1.5177967893759998e-06
1391	1.3356502783997699e-12	1.5189879362859999e-06
1392	4.422781038877e-14	1.5200455890459998e-06
1393	-1.7522778873022998e-13	1.5212228653659997e-06
1394	6.164033810297699e-13	1.5223986130459998e-06
1395	-2.0466250161022999e-13	1.5235590948659999e-06
1396	8.394471208276999e-14	1.5247015818659998e-06
1397	8.0733710363977e-13	1.5258260432559998e-06
1398	6.5148794244977e-13	1.5268566217059997e-06
1399	-8.6668551289023e-13	1.5280867745059998e-06
1400	-3.6809185598023003e-13	1.5291581952559998e-06
1401	1.35120622719977e-12	1.5301883428159998e-06
1402	1.83890305209977e-12	1.5312582862359996e-06
1403	1.9737984439977e-13	1.5324254263559997e-06
1404	-5.304574517002301e-13	1.5335534784959997e-06
1405	1.5133600447997699e-12	1.5345623995459997e-06
1406	1.1692329062997699e-12	1.5356631619259998e-06
1407	3.0548766368976997e-13	1.5367738861059998e-06
1408	-2.1075294584023e-13	1.5380070551359998e-06
1409	5.2919829738977e-13	1.5390771011459997e-06
1410	1.46736161179977e-12	1.5402143148659998e-06
1411	-6.1220377388023e-13	1.5413000063159998e-06
1412	-1.16803348800023e-12	1.5424765850059997e-06
1413	8.5444676277977e-13	1.5435639487259998e-06
1414	4.7676254233977e-13	1.5447353567259997e-06
1415	-2.1485097256023e-13	1.5458003756659998e-06
1416	-1.1167733810023001e-13	1.5469007892359996e-06
1417	-1.0076103229023001e-13	1.5480978455059999e-06
1418	-8.3859449515023e-13	1.5492383934959998e-06
1419	4.3059979878977e-13	1.5503766331359999e-06
1420	-5.636177540602301e-13	1.551488762836e-06
1421	-1.77713633240023e-12	1.5527830978759997e-06
1422	6.769257343576999e-14	1.5538288601059997e-06
1423	7.060764942469998e-15	1.5549834223059997e-06
1424	-5.5741046678023e-13	1.5561996121859999e-06
1425	-9.360317806923001e-14	1.5573829414959998e-06
1426	2.3990097940977e-13	1.558476286396e-06
1427	4.9592358620977e-13	1.5595634038959997e-06
1428	9.2796173517977e-13	1.5606793398059998e-06
1429	1.35889717779977e-12	1.5617716382559999e-06
1430	1.87024133309977e-12	1.5628755399959998e-06
1431	7.399430033597699e-13	1.564029814936e-06
1432	-6.0308758138023e-13	1.5651091661359997e-06
1433	-1.26724419550023e-12	1.5660794403659996e-06
1434	-1.28261027430023e-12	1.5673938836559999e-06
1435	6.0243698464977e-13	1.5685355601659997e-06
1436	2.5336409015997703e-12	1.5695497647559998e-06
1437	1.46455129299977e-12	1.5706625202659997e-06
1438	-1.34159897740023e-12	1.5718419202659996e-06
1439	-8.466870938002301e-13	1.5729057901659997e-06
1440	1.16174521389977e-12	1.5741639816659998e-06
1441	-9.028653927523001e-14	1.575347023716e-06
1442	4.1274715371977e-13	1.5763898004759998e-06
1443	1.01006467209977e-12	1.5774779644259998e-06
1444	3.5685114028977e-13	1.5785906070959997e-06
1445	-3.219363299223e-14	1.5797159302659998e-06
1446	1.22144471219977e-12	1.5808104857659998e-06
1447	2.2254491731977e-13	1.5820439728459997e-06
1448	-4.5096279256023e-13	1.5830589366159999e-06
1449	1.1464157336977e-13	1.5842498373059998e-06
1450	4.576781767297699e-13	1.5852953122659997e-06
1451	7.3034483325977e-13	1.5863228231759997e-06
1452	9.6877038915977e-13	1.5875338936559998e-06
1453	-5.1630361958023e-13	1.5886902615059998e-06
1454	-6.3005033338023e-13	1.5897929321159997e-06
1455	1.74479449129977e-12	1.5910203867259997e-06
1456	1.39803594979977e-12	1.592077639376e-06
1457	-6.2719132988023e-13	1.5933628846659999e-06
1458	-4.1346834313023004e-13	1.5943866714459997e-06
1459	-6.6636174687023e-13	1.5954540500359997e-06
1460	5.3911048319977e-13	1.596599214716e-06
1461	1.45156589139977e-12	1.5977866067159998e-06
1462	1.06049218709977e-12	1.5988347593559997e-06
1463	-5.8679892928023e-13	1.5999709060959998e-06
1464	2.5028053743977e-13	1.6010514473859997e-06
1465	1.41554415129977e-12	1.6021976174759997e-06
1466	-6.4422485646023e-13	1.6034376910259999e-06
1467	-1.63546534560023e-12	1.6045846716059998e-06
1468	-9.5945402990023e-13	1.6057754902059999e-06
1469	-7.900753314623e-14	1.6068436382459997e-06
1470	2.52568583699977e-12	1.6079067079259999e-06
1471	1.75510954219977e-12	1.6092091991159997e-06
1472	-1.56213415760023e-12	1.6102343093559998e-06
1473	-1.55197854880023e-12	1.6114031627759997e-06
1474	4.2317539635976997e-13	1.6125192936059998e-06
1475	4.3456637707976997e-13	1.6136428419159996e-06
1476	7.0275039848977e-13	1.6147335809559997e-06
1477	8.9111965947977e-13	1.6157669807159998e-06
1478	9.6853670304977e-13	1.6169478375259998e-06
1479	-1.4331016094023e-13	1.6181490898559997e-06
1480	1.5397264955977001e-13	1.6193206414759998e-06
1481	1.15607954279977e-12	1.6203577448459998e-06
1482	8.343839217876999e-14	1.6215564015659997e-06
1483	-7.1806723283023e-13	1.622681304106e-06
1484	-2.8727540978023004e-13	1.6237430811059997e-06
1485	-8.3273165145023e-13	1.6248842343959998e-06
1486	2.933153802377e-14	1.6259930195659997e-06
1487	1.9400600119977e-13	1.6271566509959997e-06
1488	-3.0694399066023003e-13	1.628268719136e-06
1489	9.114638244676999e-14	1.6292839906959997e-06
1490	4.8800868635977e-13	1.6304043175859998e-06
1491	4.8381815888977e-13	1.6315165806559999e-06
1492	-8.5380356611023e-13	1.6326165838459997e-06
1493	-6.118033429902301e-13	1.6337647032059998e-06
1494	4.6552126677977e-13	1.6348877488159998e-06
1495	7.8606558209977e-13	1.6359313668459997e-06
1496	-1.6584504801023e-13	1.6371746925959998e-06
1497	-7.1461792848023e-13	1.6383006210659996e-06
1498	1.9476486396997702e-12	1.6395360471559999e-06
1499	1.11653303729977e-12	1.6407747459559997e-06
1500	4.7332297491977e-13	1.6418719381059998e-06
1501	1.59481791069977e-12	1.6429268413659998e-06
1502	5.0297311717977e-13	1.6440902881359998e-06
1503	-9.0397061851023e-13	1.6451190301659997e-06
1504	-8.577275453602301e-13	1.6461109515359997e-06
1505	1.50621192759977e-12	1.6472607021259998e-06
1506	9.7979136687977e-13	1.6483305737259998e-06
1507	-7.7424074851023e-13	1.6494150648459998e-06
1508	6.9408088724977e-13	1.6505702220859998e-06
1509	2.0065241510997703e-12	1.6518977152159998e-06
1510	-6.9329528811023e-13	1.6531262983459996e-06
1511	-1.56989326670023e-12	1.6541092735959997e-06
1512	1.4841530176977e-13	1.6551780679659998e-06
1513	1.71152951699977e-12	1.6563395039159998e-06
1514	6.8216532989977e-13	1.6575267830559998e-06
1515	-1.37238225380023e-12	1.658673753376e-06
1516	-4.4926369980023004e-13	1.6597463949859996e-06
1517	1.29837856099977e-12	1.6608790022659998e-06
1518	1.42779198109977e-12	1.662080798336e-06
1519	5.774387416977e-14	1.663111407566e-06
1520	-8.7293296498023e-13	1.6642923156759997e-06
1521	-5.1782623064023e-13	1.6653634799459998e-06
1522	1.6366575464977e-13	1.6664569069259997e-06
1523	-2.8660262505300018e-15	1.6676230416359997e-06
1524	6.9911730975977e-13	1.6687665750859997e-06
1525	2.3075314190976997e-13	1.6698454851359998e-06
1526	4.1244287492976997e-13	1.6709921271559999e-06
1527	-1.7609072338022998e-13	1.6720529705659996e-06
1528	-2.5978442980023003e-13	1.6732494728259997e-06
1529	-2.5936695930023e-13	1.6743254794959996e-06
1530	2.5861542720769997e-14	1.6755248543659998e-06
1531	-8.1606325942023e-13	1.6765670566159997e-06
1532	5.4413230032977e-13	1.6777855856159998e-06
1533	7.9691372946977e-13	1.6788907800159998e-06
1534	5.459543217097699e-13	1.6800816396659998e-06
1535	7.2297154965977e-13	1.6812359556459998e-06
1536	5.7978403740977e-13	1.6822925311759998e-06
1537	7.4610282314977e-13	1.6834065998859998e-06
1538	3.987175525377e-14	1.6846107350759996e-06
1539	-6.8667053033023e-13	1.6857949364259998e-06
1540	1.9247000186977e-13	1.6869574085659999e-06
1541	1.1127952765997699e-12	1.6881481143159999e-06
1542	1.37065937869977e-12	1.6891471248659998e-06
1543	-5.897187885302301e-13	1.6902894682359997e-06
1544	-7.2296612132023e-13	1.6913746262059998e-06
1545	1.1730583843977e-13	1.692565732076e-06
1546	5.6271034602977e-13	1.6936281554159998e-06
1547	2.6070026026977e-13	1.6947667951759997e-06
1548	-5.3576529089023e-13	1.6959456001259997e-06
1549	5.4883645038977e-13	1.6971322739759997e-06
1550	8.0083770871977e-13	1.6981510336959998e-06
1551	-3.6979216585023003e-13	1.6992884423359997e-06
1552	-4.1827351376023e-13	1.7003812947859997e-06
1553	-4.2909975305023004e-13	1.7015347489859997e-06
1554	2.5496886500977e-13	1.7025866770559997e-06
1555	2.7120152980977e-13	1.7037603215759998e-06
1556	3.1341230045977e-13	1.7048113878659998e-06
1557	-2.2335495614023e-13	1.705916777206e-06
1558	6.8246717445977e-13	1.7069582818159999e-06
1559	3.613277750177e-14	1.7081117873059998e-06
1560	-2.912650280523e-14	1.7092229834059997e-06
1561	7.2769152221977e-13	1.7103295217859998e-06
1562	7.825785471897699e-13	1.7115759458559998e-06
1563	5.4430026221977e-13	1.7126723172559998e-06
1564	-1.7532028948023e-13	1.7138654134259998e-06
1565	4.8530182225977e-13	1.7149772763859997e-06
1566	1.6196544477977e-13	1.7160834967159997e-06
1567	-1.27017500880023e-12	1.7172428807959998e-06
1568	-7.2974301850023e-13	1.718311285316e-06
1569	1.23352458009977e-12	1.7194915573559999e-06
1570	1.1284389428977e-13	1.7206110019459997e-06
1571	-1.68811044450023e-12	1.7216046981659999e-06
1572	1.7987042579977e-13	1.7228630640759997e-06
1573	8.1556236784977e-13	1.7239781894859999e-06
1574	3.7572007651976997e-13	1.7250549143159998e-06
1575	-4.5633027038023e-13	1.7262254912959998e-06
1576	6.865128652297699e-13	1.7272659494659998e-06
1577	8.4191534515977e-13	1.7284857916559998e-06
1578	7.3292024891977e-13	1.729715421226e-06
1579	4.8310614651977e-13	1.7308035646659998e-06
1580	3.3305045345977e-13	1.7319002951359998e-06
1581	-2.0602080212022998e-13	1.7331182803959998e-06
1582	-1.29931396270023e-12	1.7342154417659997e-06
1583	-2.7695305616023e-13	1.7353982375859996e-06
1584	6.2112457070977e-13	1.7365141632359997e-06
1585	4.6669821713977e-13	1.7375730881559996e-06
1586	-7.6598505643023e-13	1.7386194556759998e-06
1587	-1.22120803200023e-12	1.7397467075959997e-06
1588	9.1715253549977e-13	1.7407674371059997e-06
1589	2.9954205616976997e-13	1.7420209811359998e-06
1590	-5.850548032602301e-13	1.7430293584359997e-06
1591	-3.4428873492023003e-13	1.7441200051359998e-06
1592	2.3463825867769997e-14	1.7453632077759998e-06
1593	-1.37717403620023e-12	1.7464986876659997e-06
1594	-2.01381654520023e-12	1.7475754124859997e-06
1595	-1.4328816767230004e-14	1.7486900352059997e-06
1596	1.39132355969977e-12	1.7498345638059998e-06
1597	6.2772133484977e-13	1.7509753580159996e-06
1598	-2.5495491687023004e-13	1.7521203072459998e-06
1599	-6.8424968828023e-13	1.7532283947759998e-06
1600	5.298008545877e-14	1.7543267667359998e-06
1601	4.6481777421977e-13	1.7554417280059999e-06
1602	-6.2788630264023e-13	1.7566454733459998e-06
1603	-1.9161101920002298e-12	1.7578986890759998e-06
1604	1.07180040399977e-12	1.7590076486459996e-06
1605	5.409982288097699e-13	1.7601429028259997e-06
1606	-6.9818565679023e-13	1.7612799626559998e-06
1607	-7.6885988242023e-13	1.7624598448359998e-06
1608	1.34972378089977e-12	1.7634934600359999e-06
1609	1.05476444319977e-12	1.7645129686859997e-06
1610	-5.1580095102023e-13	1.7657280915959997e-06
1611	-1.05967859430023e-12	1.7669011821159997e-06
1612	5.9499310836977e-13	1.7679739058059997e-06
1613	6.6243832748977e-13	1.7690236178659996e-06
1614	1.2209396945977e-13	1.7701220206059998e-06
1615	5.427654800097699e-13	1.7712020489259998e-06
1616	1.04495449509977e-12	1.7723347075059999e-06
1617	3.7798269358976997e-13	1.7735126506759998e-06
1618	-5.5577831536023e-13	1.7745614188859998e-06
1619	-4.8666443136023e-13	1.7757196744359998e-06
1620	1.2669953319977e-13	1.7768853679959998e-06
1621	-3.688561191023e-14	1.7780702156859997e-06
1622	-6.5315969880023e-13	1.7792132566859998e-06
1623	-1.2583178730002301e-12	1.7803159272959999e-06
1624	-1.7995141264023e-13	1.7814232248659997e-06
1625	7.9817466076977e-13	1.7825157797959997e-06
1626	-1.9652608681023e-13	1.7836566458259998e-06
1627	-1.22248235150023e-12	1.7847778755359996e-06
1628	-8.308414716202301e-13	1.7859388395459996e-06
1629	5.5523117340977e-13	1.7869976310959997e-06
1630	1.9720092846977e-13	1.7880814861359999e-06
1631	-8.898496485002301e-13	1.7892964859359998e-06
1632	-6.643060393802301e-13	1.7902492475159998e-06
1633	7.2869320798977e-13	1.7914496585759998e-06
1634	8.2686328204977e-13	1.7925788700259999e-06
1635	-2.2960240822023004e-13	1.7937010333359999e-06
1636	-6.609029002123001e-14	1.7947185208959997e-06
1637	-3.7413361560023003e-13	1.7959573428159997e-06
1638	-7.0824024508023e-13	1.7969644889959998e-06
1639	5.9505152988977e-13	1.7981816740359998e-06
1640	-2.0772224391230003e-14	1.7992782916559997e-06
1641	-5.6528155048023e-13	1.8003369498359997e-06
1642	1.2312973444977e-13	1.8015095479059998e-06
1643	-5.0764019392023e-13	1.8027350224559997e-06
1644	-1.50984323930023e-12	1.8037588297559998e-06
1645	-1.48871412020023e-12	1.8050734064159997e-06
1646	-3.5913632268023e-13	1.8060258089259999e-06
1647	2.6691606735977e-13	1.8072073838959997e-06
1648	-8.8225971840023e-13	1.8083667679759998e-06
1649	2.0803933891977e-13	1.8094712750059998e-06
1650	3.8666315885976997e-13	1.8106165114959998e-06
1651	-1.00881170070023e-12	1.8116749131959997e-06
1652	-1.01007384910023e-12	1.8128064432459998e-06
1653	-1.6446118808022998e-13	1.8140708313659999e-06
1654	3.2115802129977e-13	1.8151497516759998e-06
1655	5.6073009967977e-13	1.8162310316359999e-06
1656	6.422744659377e-14	1.8175376368059998e-06
1657	1.1287797350977e-13	1.8186420309859998e-06
1658	4.3453229785976996e-13	1.8196570255459998e-06
1659	5.689821404197699e-13	1.8209065786959997e-06
1660	-3.3341867948023e-13	1.8220182980259999e-06
1661	-1.33670374020023e-12	1.8231212558959998e-06
1662	2.7889126335977e-13	1.8242238239259997e-06
1663	7.0371800503977e-13	1.8252845134459999e-06
1664	5.171063435377e-14	1.8264949068159997e-06
1665	-1.3480487505230001e-14	1.8276477044159998e-06
1666	1.0407943954997699e-12	1.8286997350759998e-06
1667	1.08394477899977e-12	1.8298680447559997e-06
1668	-4.5659073303023e-13	1.8309867506759998e-06
1669	6.5299229677977e-13	1.8321216663059998e-06
1670	1.71176928869977e-12	1.8330639018359998e-06
1671	2.5679210350976996e-13	1.8342765419859998e-06
1672	-1.35424602090023e-12	1.8354156023759997e-06
1673	-6.736460958723e-14	1.8365825475659997e-06
1674	2.48181735549977e-12	1.8376856388159998e-06
1675	-4.348724450323e-14	1.8387546178559997e-06
1676	-6.4415426378023e-13	1.8398411813559998e-06
1677	1.32491532269977e-12	1.8410319178959998e-06
1678	1.97090649319977e-12	1.8422387512759997e-06
1679	-1.1263764196023001e-13	1.8432443175259998e-06
1680	8.2033102501977e-13	1.8444784509359998e-06
1681	1.1038263550997699e-12	1.8455663891859997e-06
1682	-7.9933888010023e-13	1.8467054495759998e-06
1683	-6.0774304684023e-13	1.8478692759359997e-06
1684	1.4117598602769997e-14	1.8488920983459997e-06
1685	-1.57971538600023e-12	1.8500427722759998e-06
1686	1.40229585279977e-12	1.8511472280059997e-06
1687	2.0583549998997703e-12	1.8522642821759997e-06
1688	9.2888552557977e-13	1.8533861069259998e-06
1689	9.3039718259977e-13	1.8545097475659998e-06
1690	1.4714585066977e-13	1.8556649253359998e-06
1691	-2.8734721957023e-13	1.8568941958359997e-06
1692	8.2286019030977e-13	1.8580429512659998e-06
1693	3.5647870304977e-13	1.8591459604359998e-06
1694	1.5731363065977e-13	1.8602242651959999e-06
1695	2.7940245171977e-13	1.8613730411459997e-06
1696	1.9105936540977e-13	1.8624947530459997e-06
1697	2.2771765671977e-13	1.8635301738859997e-06
1698	-2.1906705945023e-13	1.8647149907959997e-06
1699	-4.6195212528023e-13	1.8659599375159998e-06
1700	1.78811405389977e-12	1.8670128197059997e-06
1701	2.9530222700997703e-12	1.8681365424259997e-06
1702	1.1802952658997699e-12	1.8693084120859997e-06
1703	1.79189684779977e-12	1.8704543256959997e-06
1704	1.09435598209977e-12	1.8714733213759997e-06
1705	4.3022979578977e-13	1.872459712976e-06
1706	7.0747523951977e-13	1.8736728045459997e-06
1707	1.04653309339977e-12	1.8748525738759998e-06
1708	6.1773125366977e-13	1.8758558420359998e-06
1709	2.64987905009977e-12	1.8770220075159996e-06
1710	9.9721315318977e-13	1.8781233649459998e-06
1711	1.08093728749977e-12	1.8791442996359998e-06
1712	1.39414361559977e-12	1.8802664219059997e-06
1713	1.65130179079977e-12	1.8813795364959998e-06
1714	6.8853814483977e-13	1.8825319442459998e-06
1715	1.63073497889977e-12	1.8835755315059998e-06
1716	1.39466332369977e-12	1.8847465393759997e-06
1717	1.58900496879977e-12	1.8859260624859999e-06
1718	2.42950331189977e-12	1.8870779675259997e-06
1719	1.75826308759977e-12	1.8883159892159998e-06
1720	2.1160109617997703e-12	1.8894137661459997e-06
1721	1.58811647469977e-12	1.8906395074359998e-06
1722	3.31837102849977e-12	1.8916408981459998e-06
1723	3.11574813189977e-12	1.8927469851159997e-06
1724	1.36105512299977e-12	1.8938981412359998e-06
1725	3.1746747620997704e-12	1.8950656609459997e-06
1726	4.2934543139997694e-12	1.8962521193459998e-06
1727	4.14664831839977e-12	1.8974782607559997e-06
1728	3.69680499179977e-12	1.8985356262559998e-06
1729	2.55632549379977e-12	1.8996547835859998e-06
1730	4.23745606289977e-12	1.9006974885359998e-06
1731	4.20424220739977e-12	1.9017768294759998e-06
1732	6.0427604563977e-13	1.9029592559659997e-06
1733	2.6446527576997704e-12	1.9040955873859998e-06
1734	5.8548171005997696e-12	1.9051240421459998e-06
1735	3.997083122699769e-12	1.9062677397459997e-06
1736	2.67411668129977e-12	1.9073992492859997e-06
1737	4.2520383194997695e-12	1.9085265730159998e-06
1738	5.7681438961997694e-12	1.9096957855159997e-06
1739	5.38258007229977e-12	1.910697791786e-06
1740	3.3300662879997702e-12	1.9117910751359996e-06
1741	3.82588127099977e-12	1.912968515596e-06
1742	5.02606756989977e-12	1.914172373786e-06
1743	4.6565161129997696e-12	1.9153120805159997e-06
1744	3.98433505859977e-12	1.9165311327359997e-06
1745	6.50909925949977e-12	1.9176997912359995e-06
1746	5.17845160429977e-12	1.918679052616e-06
1747	3.08790540559977e-12	1.9197945165859997e-06
1748	5.599295945199769e-12	1.921012163296e-06
1749	7.24833727319977e-12	1.922070739396e-06
1750	6.21971187499977e-12	1.923178991076e-06
1751	5.77953852829977e-12	1.9243308961159997e-06
1752	6.01560896639977e-12	1.9254791796259997e-06
1753	7.2416979099997696e-12	1.926606923996e-06
1754	7.76899844499977e-12	1.9276864290859997e-06
1755	6.33257252889977e-12	1.928811762516e-06
1756	5.5452073477997695e-12	1.9300075158559996e-06
1757	6.03643380669977e-12	1.931110319846e-06
1758	7.07615077529977e-12	1.932187485816e-06
1759	8.13916089379977e-12	1.933277250216e-06
1760	8.261759686099771e-12	1.9344412304659997e-06
1761	7.672908420699771e-12	1.9356006453259995e-06
1762	6.83517049469977e-12	1.9368170403959996e-06
1763	7.60455645079977e-12	1.9380206420959998e-06
1764	8.676659636599771e-12	1.9390902264359997e-06
1765	1.020180472799977e-11	1.940207690986e-06
1766	9.76541904319977e-12	1.941487447546e-06
1767	9.32309505409977e-12	1.9426003672059997e-06
1768	8.50772892169977e-12	1.9436820472759997e-06
1769	9.39385934619977e-12	1.944787405836e-06
1770	1.051332291699977e-11	1.9458047805459996e-06
1771	9.17883526339977e-12	1.9468968430359998e-06
1772	9.57783603859977e-12	1.9480963717959997e-06
1773	1.1393881387999771e-11	1.949101671306e-06
1774	1.1684303320999771e-11	1.950219484666e-06
1775	1.0237096198999771e-11	1.9514063739559997e-06
1776	1.044740030899977e-11	1.952557273586e-06
1777	1.3278654795999771e-11	1.953606975386e-06
1778	1.2936068525999771e-11	1.954755843666e-06
1779	1.235751648899977e-11	1.955835317986e-06
1780	1.2135473302999771e-11	1.956992229576e-06
1781	1.1867586256999771e-11	1.9581549171559997e-06
1782	1.3206719638999771e-11	1.959286724206e-06
1783	1.3681289876999771e-11	1.960398843646e-06
1784	1.323340245499977e-11	1.9615005704059998e-06
1785	1.331077446499977e-11	1.9627023869959996e-06
1786	1.377443691699977e-11	1.9637897404559995e-06
1787	1.462930573899977e-11	1.9649591684059998e-06
1788	1.442341610499977e-11	1.966041392216e-06
1789	1.562622163599977e-11	1.9672465020459997e-06
1790	1.565726659199977e-11	1.9684246709159996e-06
1791	1.576059601799977e-11	1.969427067036e-06
1792	1.557785469699977e-11	1.9706095345659996e-06
1793	1.611552870399977e-11	1.971720843526e-06
1794	1.612232994399977e-11	1.9727454715659998e-06
1795	1.5691904472999772e-11	1.9738310912159996e-06
1796	1.704911566599977e-11	1.974997615776e-06
1797	1.761119404899977e-11	1.9761660690859995e-06
1798	1.651114955099977e-11	1.977234504386e-06
1799	1.688042472299977e-11	1.978526756786e-06
1800	1.673549916999977e-11	1.9796540292259997e-06
1801	1.840961428699977e-11	1.9808571077059997e-06
1802	1.958255059499977e-11	1.982046695196e-06
1803	2.000491998099977e-11	1.9830073359259996e-06
1804	2.085329549399977e-11	1.9842080034659997e-06
1805	1.948709225399977e-11	1.9852959930159997e-06
1806	2.050743518299977e-11	1.9863809252859997e-06
1807	1.947074274599977e-11	1.9874978768559996e-06
1808	1.997616928699977e-11	1.9886443136859997e-06
1809	2.058912673499977e-11	1.9897320262359996e-06
1810	2.159232781499977e-11	1.9909377926559996e-06
1811	2.2580874827999772e-11	1.9919940706659996e-06
1812	2.172688598099977e-11	1.993218129436e-06
1813	2.066742131899977e-11	1.9942889859359996e-06
1814	2.111483893499977e-11	1.995256890256e-06
1815	2.278685209399977e-11	1.996463282496e-06
1816	2.211933989399977e-11	1.9976921221059998e-06
1817	2.3070117389999772e-11	1.998744737546e-06
1818	2.367459641399977e-11	1.9999210187059998e-06
1819	2.515204884699977e-11	2.0010866917459996e-06
1820	2.429528254299977e-11	2.0021717881659996e-06
1821	2.430908949699977e-11	2.003337163686e-06
1822	2.469623922199977e-11	2.0043549795459996e-06
1823	2.355032408799977e-11	2.0054035220459996e-06
1824	2.387617259099977e-11	2.0064305097359996e-06
1825	2.510647031899977e-11	2.0076016407259996e-06
1826	2.559264940099977e-11	2.008790797326e-06
1827	2.635415331999977e-11	2.009850296766e-06
1828	2.630408607099977e-11	2.011040899926e-06
1829	2.617895932999977e-11	2.0122691650059996e-06
1830	2.5689412489999772e-11	2.0133160044659997e-06
1831	2.6056769488999772e-11	2.0145135736959997e-06
1832	2.683094966099977e-11	2.015600968196e-06
1833	2.737146806699977e-11	2.0166925792759997e-06
1834	2.824175773799977e-11	2.017882341176e-06
1835	2.859269585299977e-11	2.018959045476e-06
1836	2.756634402499977e-11	2.020041207736e-06
1837	2.9353478021999765e-11	2.0211729942659996e-06
1838	2.955937982599977e-11	2.0224334530659996e-06
1839	2.9629834970999765e-11	2.023417033616e-06
1840	3.0562187777999767e-11	2.0244924042159996e-06
1841	2.986851003599977e-11	2.0256756206659996e-06
1842	2.9112043756999766e-11	2.026780589366e-06
1843	3.0479589474999765e-11	2.0278278597159997e-06
1844	3.1517242216999766e-11	2.029006090146e-06
1845	3.170248592599977e-11	2.0301263657359997e-06
1846	3.189146496099977e-11	2.031223342436e-06
1847	3.1866123406999764e-11	2.032324279226e-06
1848	3.244016481499977e-11	2.033489747076e-06
1849	3.388544037499977e-11	2.0346065960659997e-06
1850	3.402121200499977e-11	2.0357172279059997e-06
1851	3.398542760199977e-11	2.0368621258359996e-06
1852	3.3861001919999767e-11	2.0380850868659996e-06
1853	3.4864084939999765e-11	2.039153665786e-06
1854	3.559811856899977e-11	2.0403089153659996e-06
1855	3.6549066460999765e-11	2.0413907288059996e-06
1856	3.6200880243999765e-11	2.042515477456e-06
1857	3.558726311899977e-11	2.043765471766e-06
1858	3.698139550099977e-11	2.0449232451359997e-06
1859	3.6948176776999765e-11	2.0460018781859998e-06
1860	3.757021755499977e-11	2.047116818936e-06
1861	3.7637779616999767e-11	2.0482223416459996e-06
1862	3.6386151946999764e-11	2.0495072278559997e-06
1863	3.640713501199977e-11	2.050597946376e-06
1864	3.7828343336999766e-11	2.0515936739459996e-06
1865	4.0111904524999765e-11	2.052750370086e-06
1866	3.9723985582999764e-11	2.053877755386e-06
1867	3.9343542162999765e-11	2.055039940256e-06
1868	3.9063985417999766e-11	2.056086051296e-06
1869	4.0253296792999764e-11	2.0572327753859997e-06
1870	4.118781849899977e-11	2.058429400766e-06
1871	4.125456752799977e-11	2.0595477270859996e-06
1872	4.173776832899977e-11	2.0608133770959997e-06
1873	4.182516328299977e-11	2.0619172993459997e-06
1874	4.090040162399977e-11	2.062967524376e-06
1875	4.346665241099977e-11	2.0640509074859997e-06
1876	4.4363473975999766e-11	2.0651634065259996e-06
1877	4.4420346114999766e-11	2.0662822252959997e-06
1878	4.458320220799977e-11	2.0674049733759997e-06
1879	4.532702996299977e-11	2.0685107115259996e-06
1880	4.491246350199977e-11	2.0695980034359997e-06
1881	4.548854357899977e-11	2.0706810787759996e-06
1882	4.581989222499977e-11	2.071775449606e-06
1883	4.6624149746999767e-11	2.072978394716e-06
1884	4.705939377799977e-11	2.0741296739459996e-06
1885	4.669881489399977e-11	2.075096336886e-06
1886	4.909149288999977e-11	2.0763400422359996e-06
1887	4.888061916899977e-11	2.0774139457459996e-06
1888	4.8633763873999764e-11	2.078520278936e-06
1889	4.9403112098999766e-11	2.0795702372159996e-06
1890	4.915653795799977e-11	2.080683608296e-06
1891	4.9256688277999766e-11	2.081878787106e-06
1892	5.007715655699977e-11	2.0830245160459996e-06
1893	5.0351570990999766e-11	2.084178380616e-06
1894	4.917988831199977e-11	2.085262143326e-06
1895	4.9267341686999766e-11	2.0863619823759996e-06
1896	5.1455729338999765e-11	2.087499832166e-06
1897	5.254604786999977e-11	2.0886326856659996e-06
1898	5.2552347657999766e-11	2.089718931136e-06
1899	5.3142739790999766e-11	2.090950058566e-06
1900	5.3882076390999767e-11	2.092025193196e-06
1901	5.572345964399977e-11	2.0931369843359996e-06
1902	5.4717993512999765e-11	2.094338759886e-06
1903	5.4331998829999765e-11	2.0955773047959998e-06
1904	5.605477907999977e-11	2.096685382076e-06
1905	5.5814672687999766e-11	2.0977526683259996e-06
1906	5.587067093899977e-11	2.0988330865059998e-06
1907	5.567895217699977e-11	2.0999225944259996e-06
1908	5.631568962099977e-11	2.1010196018959996e-06
1909	5.783714563599977e-11	2.1022076094559997e-06
1910	5.789771171999977e-11	2.103291577346e-06
1911	5.834288497599976e-11	2.104365070486e-06
1912	5.956937800199977e-11	2.105497934256e-06
1913	5.927795438399976e-11	2.106693882516e-06
1914	5.940189443699977e-11	2.107889051066e-06
1915	6.004879479199977e-11	2.109094838006e-06
1916	6.060365203099977e-11	2.110201437936e-06
1917	6.021337310299976e-11	2.111375113236e-06
1918	5.991667085699976e-11	2.112426764306e-06
1919	6.125635802599977e-11	2.1136005011559997e-06
1920	6.217706790899977e-11	2.1147220899459997e-06
1921	6.402356547999976e-11	2.115829223356e-06
1922	6.299261052299977e-11	2.116948647426e-06
1923	6.332442775899977e-11	2.1181391172159998e-06
1924	6.415101204199977e-11	2.119189219126e-06
1925	6.417413601299977e-11	2.120283292446e-06
1926	6.534003861199977e-11	2.121361802386e-06
1927	6.616703427999977e-11	2.122506074506e-06
1928	6.640420985799976e-11	2.1235951310159997e-06
1929	6.697868942799976e-11	2.1245921409959996e-06
1930	6.748006175899977e-11	2.1257740340059996e-06
1931	6.720072165999977e-11	2.127021966186e-06
1932	6.722396003999977e-11	2.127985243566e-06
1933	6.778506473099977e-11	2.1290841079759998e-06
1934	6.761104769199976e-11	2.1301455772029997e-06
1935	6.972422371199977e-11	2.131289090131e-06
1936	6.973184406999976e-11	2.1324894498949996e-06
1937	7.071808830199976e-11	2.133667485401e-06
1938	7.193039585099976e-11	2.134820447154e-06
1939	7.097696260899977e-11	2.1358762122049996e-06
1940	7.222517140399977e-11	2.1370000682959998e-06
1941	7.406967290599977e-11	2.1381430785179997e-06
1942	7.522246474099977e-11	2.1393702971549998e-06
1943	7.587300183599977e-11	2.1404801287689996e-06
1944	7.533379061199976e-11	2.141667387395e-06
1945	7.621215949399977e-11	2.142808150828e-06
1946	7.646468532899976e-11	2.143889943749e-06
1947	7.804910514499977e-11	2.145032841118e-06
1948	7.867506868499977e-11	2.146153927195e-06
1949	8.012311074799977e-11	2.1473612530309996e-06
1950	8.133310577799977e-11	2.148409251785e-06
1951	7.976253308099976e-11	2.1495890416329997e-06
1952	7.961119698299977e-11	2.1507131336869997e-06
1953	8.059963080499977e-11	2.1518437301449997e-06
1954	8.196060775299977e-11	2.152974695937e-06
1955	8.170941100699977e-11	2.154082660357e-06
1956	8.188436400799977e-11	2.155200371121e-06
1957	8.338616361299977e-11	2.156396698976e-06
1958	8.300132397299976e-11	2.157535985069e-06
1959	8.417908127399977e-11	2.158691162833e-06
1960	8.534343205099977e-11	2.1597992195859997e-06
1961	8.619402514699977e-11	2.1607994817719996e-06
1962	8.603959514199977e-11	2.1620466547669996e-06
1963	8.674587489499976e-11	2.16322086355e-06
1964	8.811285100299976e-11	2.164276300304e-06
1965	8.797700999799977e-11	2.165384285242e-06
1966	8.893120028499977e-11	2.166574755031e-06
1967	9.015117930999977e-11	2.1676298840059997e-06
1968	9.163960647099977e-11	2.1687808554519997e-06
1969	9.235134498499977e-11	2.1698570057529995e-06
1970	9.273548478499976e-11	2.170966980997e-06
1971	9.178746527199976e-11	2.1720794595129996e-06
1972	9.347928211199977e-11	2.1732348322039998e-06
1973	9.361923331499977e-11	2.1743902561909997e-06
1974	9.490819964399977e-11	2.1755103265959996e-06
1975	9.579063977599977e-11	2.176629463405e-06
1976	9.685239139699976e-11	2.177797331934e-06
1977	9.800989225099977e-11	2.1789228705519997e-06
1978	9.742012327999977e-11	2.180038878271e-06
1979	9.732953461699976e-11	2.1811064107509997e-06
1980	9.708682846699977e-11	2.18232363682e-06
1981	9.788765615899977e-11	2.1834237939049996e-06
1982	9.918263625399976e-11	2.184485570912e-06
1983	9.969117617599976e-11	2.185634387904e-06
1984	1.0077951080999976e-10	2.1868104741409997e-06
1985	1.0100484020999977e-10	2.187872199851e-06
1986	1.0161012373999977e-10	2.1890149946279996e-06
1987	1.0171882185999976e-10	2.1901877158109996e-06
1988	1.0246114160999976e-10	2.1912023512899996e-06
1989	1.0483031102999977e-10	2.1923535484409997e-06
1990	1.0534982445999977e-10	2.1934547417169997e-06
1991	1.0581446668999977e-10	2.1945990753899996e-06
1992	1.0695607688999977e-10	2.195717073415e-06
1993	1.0861294669999977e-10	2.196789212325e-06
1994	1.0851526590999976e-10	2.1979355568229996e-06
1995	1.0950338936999977e-10	2.1990567967889996e-06
1996	1.0970057540999977e-10	2.2002162834629997e-06
1997	1.1046103260999977e-10	2.201296096337e-06
1998	1.1230629115999977e-10	2.202399577438e-06
1999	1.1306830260999977e-10	2.2029825421989997e-06
